1751465401492 0.0 0 e9a65b0aa6804306817b33c9ee4aba8a
1751465537071 1.0 0 e9a65b0aa6804306817b33c9ee4aba8a
1751465672088 2.0 0 e9a65b0aa6804306817b33c9ee4aba8a
1751465807913 3.0 0 e9a65b0aa6804306817b33c9ee4aba8a
1751465942461 4.0 0 e9a65b0aa6804306817b33c9ee4aba8a
1751465401492 0.0 0 e9a65b0aa6804306817b33c9ee4aba8a
1751465537071 1.0 0 e9a65b0aa6804306817b33c9ee4aba8a
1751465672088 2.0 0 e9a65b0aa6804306817b33c9ee4aba8a
1751465807913 3.0 0 e9a65b0aa6804306817b33c9ee4aba8a
1751465942461 4.0 0 e9a65b0aa6804306817b33c9ee4aba8a
