1753820710379 1.9573333263397217 0
1753820710401 1.8905478715896606 1
1753820710422 1.8050537109375 2
1753820710443 1.6896997690200806 3
1753820710465 1.5771536827087402 4
1753820710486 1.4055876731872559 5
1753820710507 1.2677860260009766 6
1753820710528 1.1024314165115356 7
1753820710551 0.9105469584465027 8
1753820710574 0.747789740562439 9
1753820710596 0.640625536441803 10
1753820710617 0.49275752902030945 11
1753820710638 0.4250951111316681 12
1753820710660 0.3495314121246338 13
1753820710681 0.3133494257926941 14
1753820710703 0.25977739691734314 15
1753820710724 0.20077396929264069 16
1753820710746 0.2649456262588501 17
1753820710768 0.2043035477399826 18
1753820710790 0.16612668335437775 19
1753820710813 0.12216798216104507 20
1753820710835 0.1334407478570938 21
1753820710857 0.15442301332950592 22
1753820710879 0.12443973124027252 23
1753820710901 0.11374004930257797 24
1753820710924 0.12871511280536652 25
1753820710946 0.13039548695087433 26
1753820710967 0.13293643295764923 27
1753820710989 0.11506570875644684 28
1753820711011 0.1289125233888626 29
1753820711033 0.07928256690502167 30
1753820711055 0.0914888009428978 31
1753820711077 0.10898955911397934 32
1753820711099 0.03970347344875336 33
1753820711121 0.09349378943443298 34
1753820711144 0.0351589135825634 35
1753820711166 0.048068203032016754 36
1753820711188 0.04722549393773079 37
1753820711210 0.03699318692088127 38
1753820711232 0.06730432063341141 39
1753820711255 0.12295816838741302 40
1753820711277 0.05332069844007492 41
1753820711299 0.11951201409101486 42
1753820711322 0.041252925992012024 43
1753820711344 0.09861761331558228 44
1753820711366 0.041909363120794296 45
1753820711389 0.05435869097709656 46
1753820711411 0.04858893156051636 47
1753820711433 0.04015082120895386 48
1753820711455 0.06952878087759018 49
1753820711477 0.07641883939504623 50
1753820711500 0.04312219098210335 51
1753820711523 0.05244772508740425 52
1753820711545 0.08622133731842041 53
1753820711569 0.07430864870548248 54
1753820711593 0.09462790191173553 55
1753820711616 0.044076450169086456 56
1753820711639 0.06003845855593681 57
1753820711661 0.1139911636710167 58
1753820711684 0.08858359605073929 59
1753820711707 0.06028759106993675 60
1753820711730 0.038414135575294495 61
1753820711752 0.04932056739926338 62
1753820711775 0.08743802458047867 63
1753820711799 0.10313805192708969 64
1753820711822 0.058212097734212875 65
1753820711844 0.042246125638484955 66
1753820711867 0.050216078758239746 67
1753820711889 0.06208305433392525 68
1753820711912 0.04083679988980293 69
1753820711935 0.040341977030038834 70
1753820711958 0.08737871050834656 71
1753820711981 0.046177566051483154 72
1753820712005 0.04890285059809685 73
1753820712028 0.05619810149073601 74
1753820712052 0.05393858253955841 75
1753820712075 0.09965434670448303 76
1753820712098 0.05279318243265152 77
1753820712122 0.07941218465566635 78
1753820712145 0.04266601800918579 79
1753820712169 0.09939691424369812 80
1753820712193 0.057057421654462814 81
1753820712216 0.10482773184776306 82
1753820712240 0.06111044064164162 83
1753820712264 0.06045955792069435 84
1753820712287 0.05230874940752983 85
1753820712310 0.0355863980948925 86
1753820712334 0.06646227836608887 87
1753820712357 0.05352816730737686 88
1753820712381 0.11022945493459702 89
1753820712404 0.05607565864920616 90
1753820712428 0.06616388261318207 91
1753820712451 0.0675695613026619 92
1753820712475 0.05600414797663689 93
1753820712498 0.08852054178714752 94
1753820712522 0.096154123544693 95
1753820712546 0.038949329406023026 96
1753820712571 0.0713697001338005 97
1753820712596 0.05496446415781975 98
1753820712621 0.06273648142814636 99
1753820712645 0.04203595966100693 100
1753820712669 0.049890100955963135 101
1753820712693 0.036411311477422714 102
1753820712717 0.03756715729832649 103
1753820712740 0.061594199389219284 104
1753820712765 0.08894595503807068 105
1753820712790 0.045645665377378464 106
1753820712815 0.0424649678170681 107
1753820712839 0.057963863015174866 108
1753820712864 0.064540795981884 109
1753820712889 0.09432999789714813 110
1753820712913 0.07016777247190475 111
1753820712938 0.04541420191526413 112
1753820712962 0.06676830351352692 113
1753820712987 0.08090011030435562 114
1753820713012 0.05532459169626236 115
1753820713036 0.07244245707988739 116
1753820713061 0.09383520483970642 117
1753820713085 0.10742226243019104 118
1753820713110 0.049806494265794754 119
1753820713135 0.054534222930669785 120
1753820713160 0.055601321160793304 121
1753820713185 0.0672452300786972 122
1753820713210 0.12144804000854492 123
1753820713235 0.04053102061152458 124
1753820713261 0.06151801347732544 125
1753820713285 0.05958714336156845 126
1753820713311 0.0672314390540123 127
1753820713336 0.069462850689888 128
1753820713361 0.04130927845835686 129
1753820713386 0.0725392997264862 130
1753820713412 0.06253224611282349 131
1753820713437 0.06708983331918716 132
1753820713462 0.07519818097352982 133
1753820713486 0.05226919800043106 134
1753820713511 0.09934134036302567 135
1753820713536 0.07978204637765884 136
1753820713561 0.08832303434610367 137
1753820713588 0.05805881321430206 138
1753820713613 0.07463344931602478 139
1753820713638 0.0650961771607399 140
1753820713663 0.0737045407295227 141
1753820713688 0.0702119916677475 142
1753820713713 0.07319531589746475 143
1753820713738 0.06152234226465225 144
1753820713763 0.059315022081136703 145
1753820713787 0.08913277834653854 146
1753820713813 0.05070551484823227 147
1753820713837 0.04829451069235802 148
1753820713863 0.06820444017648697 149
1753820713888 0.0407668836414814 150
1753820713914 0.06665714830160141 151
1753820713939 0.08216053992509842 152
1753820710379 1.9573333263397217 0
