1779861442441 2.3745760917663574 0
1779861442445 1.9329663515090942 1
1779861442450 1.6187586784362793 2
1779861442454 1.3271633386611938 3
1779861442459 1.050138235092163 4
1779861442463 0.8510863780975342 5
1779861442467 0.7180455327033997 6
1779861442471 0.6365917921066284 7
1779861442475 0.5728645324707031 8
1779861442479 0.5419249534606934 9
1779861442483 0.5246917009353638 10
1779861442486 0.5235706567764282 11
1779861442490 0.5197349786758423 12
1779861442494 0.5221891403198242 13
1779861442498 0.5245553851127625 14
1779861442502 0.5286635756492615 15
1779861442506 0.5294240117073059 16
1779861442510 0.5327478647232056 17
1779861442514 0.5329062938690186 18
1779861442518 0.5294491052627563 19
1779861442522 0.5308670997619629 20
1779861442527 0.5274398326873779 21
1779861442531 0.5252297520637512 22
1779861442535 0.5239357948303223 23
1779861442539 0.517782986164093 24
1779861442543 0.5200203657150269 25
1779861442548 0.5208752155303955 26
1779861442552 0.5197387337684631 27
1779861442556 0.5172596573829651 28
1779861442560 0.5175649523735046 29
1779861442564 0.5178617238998413 30
1779861442568 0.5180410146713257 31
1779861442572 0.5138996839523315 32
1779861442576 0.5160089731216431 33
1779861442580 0.5114557147026062 34
1779861442583 0.5141866207122803 35
1779861442587 0.5152876973152161 36
1779861442591 0.5140480995178223 37
1779861442595 0.5122164487838745 38
1779861442599 0.5115645527839661 39
1779861442603 0.5123772621154785 40
1779861442607 0.50893235206604 41
1779861442611 0.5097734332084656 42
1779861442615 0.5110302567481995 43
1779861442618 0.5115861892700195 44
1779861442622 0.5112038850784302 45
1779861442626 0.5097362399101257 46
1779861442629 0.5094868540763855 47
1779861442633 0.5081060528755188 48
1779861442637 0.5077129006385803 49
1779861442641 0.5090320706367493 50
1779861442645 0.5055174827575684 51
1779861442648 0.5057696104049683 52
1779861442652 0.5065863728523254 53
1779861442656 0.5094069838523865 54
