1751497500126 2.2900686264038086 0
1751497527544 2.161036491394043 1
1751497551242 2.075075387954712 2
1751497575648 2.1373841762542725 3
1751497599993 2.122986078262329 4
1751497624778 2.052110433578491 5
1751497648942 1.9748867750167847 6
1751497673771 1.979190707206726 7
1751497697113 1.8368788957595825 8
1751497720660 1.8479244709014893 9
1751497744467 1.8680702447891235 10
1751497773128 1.8069850206375122 11
1751497796825 1.7668696641921997 12
1751497820397 1.7174334526062012 13
1751497844050 1.6419731378555298 14
1751497867802 1.5571049451828003 15
1751497891373 1.5341957807540894 16
1751497915695 1.5373448133468628 17
1751497940971 1.467851996421814 18
1751497964839 1.4543355703353882 19
1751497991571 1.3595867156982422 20
1751498025107 1.315335988998413 21
1751498049979 1.3093976974487305 22
1751498077025 1.2471426725387573 23
1751498104501 1.24150550365448 24
1751498128715 1.211682677268982 25
1751498152389 1.122446894645691 26
1751498177071 1.1232125759124756 27
1751498201454 1.088705062866211 28
1751498225284 1.0440328121185303 29
1751498249274 1.0344613790512085 30
1751498277978 0.9697909951210022 31
1751498301516 0.9146928191184998 32
1751498325894 0.9034521579742432 33
1751498349556 0.8359318375587463 34
1751498372700 0.8092679977416992 35
1751498396027 0.7929895520210266 36
1751498419045 0.7614030241966248 37
1751498443340 0.7491084933280945 38
1751498466858 0.7143784165382385 39
1751498490058 0.6637791395187378 40
1751498518784 0.619564950466156 41
1751498543233 0.6241707801818848 42
1751498568613 0.5595541596412659 43
1751498592870 0.5466732382774353 44
1751498616340 0.5041523575782776 45
1751498641809 0.4772000014781952 46
1751498664900 0.44560354948043823 47
1751498688601 0.4215630292892456 48
1751498712827 0.40026330947875977 49
1751498735841 0.3589904010295868 50
1751498763929 0.33816057443618774 51
1751498787544 0.3089804947376251 52
1751498811116 0.2956724166870117 53
1751498834418 0.28092777729034424 54
1751498858095 0.24901904165744781 55
1751498881191 0.24111075699329376 56
1751498907008 0.21525569260120392 57
1751498931389 0.20769788324832916 58
1751498954747 0.19709695875644684 59
1751498977901 0.1836206316947937 60
1751499008637 0.16731968522071838 61
1751499032730 0.173329696059227 62
1751499055979 0.1629592329263687 63
1751499079956 0.1590031534433365 64
1751499106655 0.16042377054691315 65
1751499130779 0.1441345512866974 66
1751499155290 0.13974998891353607 67
1751499183291 0.13077284395694733 68
1751499210992 0.12980042397975922 69
1751499240663 0.12250985950231552 70
1751499274654 0.1135391965508461 71
1751499305651 0.09327473491430283 72
1751499330771 0.08487684279680252 73
1751499356442 0.08807723969221115 74
1751499381774 0.08689526468515396 75
1751499406658 0.077492356300354 76
1751499432286 0.07213625311851501 77
1751499456356 0.07791820168495178 78
1751499483115 0.06658082455396652 79
1751499506689 0.06933169811964035 80
1751499536007 0.06322291493415833 81
1751499561396 0.05889640003442764 82
1751499586463 0.05614595487713814 83
1751499611514 0.048725999891757965 84
1751499636816 0.04421590268611908 85
1751499662312 0.043143779039382935 86
1751499686901 0.04386918246746063 87
1751499711114 0.04161744937300682 88
1751499736513 0.03908654674887657 89
1751499762259 0.03705991804599762 90
1751499791102 0.036016520112752914 91
1751499815341 0.031441446393728256 92
1751499839356 0.030294323340058327 93
1751499862675 0.03340466320514679 94
1751499886260 0.030736738815903664 95
1751499909771 0.027497900649905205 96
1751499933133 0.027538765221834183 97
1751499957542 0.02613651007413864 98
1751499982501 0.023803383111953735 99
