1752635882857 -0.10855453461408615 0
1752635894205 -0.007867028936743736 1
1752635905965 -0.10580193251371384 2
1752635917889 -0.07287835329771042 3
1752635929998 -0.12415706366300583 4
1752635942771 0.004438469186425209 5
1752635955785 -0.1521022766828537 6
1752635969130 -0.024476638063788414 7
1752635982843 -0.11814361065626144 8
1752635996787 -0.1815517395734787 9
1752636011116 -0.1289956420660019 10
1752636025327 -0.07606857270002365 11
1752636039412 -0.1399141401052475 12
1752636053529 -0.13813476264476776 13
1752636067192 -0.17050419747829437 14
1752636080807 -0.12125449627637863 15
1752636094037 -0.17799012362957 16
1752636107084 -0.1674412339925766 17
1752636119662 -0.12060277909040451 18
1752636132110 -0.23730020225048065 19
1752636144669 -0.25288039445877075 20
1752636156793 -0.22495590150356293 21
1752636168866 -0.11385064572095871 22
1752636180990 -0.28830403089523315 23
1752636192827 -0.4308478832244873 24
1752636204854 -0.31712663173675537 25
1752636216717 -0.2172178477048874 26
1752636228492 -0.35978490114212036 27
1752636241763 -0.2765732407569885 28
1752636253637 -0.3113357424736023 29
1752636265778 -0.23858515918254852 30
1752636277806 -0.41531747579574585 31
1752636289914 -0.333168089389801 32
1752636302080 -0.34838801622390747 33
1752636314373 -0.2328120917081833 34
1752636327109 -0.3203790783882141 35
1752636339591 -0.3482516407966614 36
1752636352280 -0.29564589262008667 37
1752636365059 -0.3663893938064575 38
1752636377895 -0.4123733639717102 39
1752636391068 -0.3221815824508667 40
1752636404015 -0.3020073175430298 41
1752636416990 -0.4399951100349426 42
1752636430077 -0.44437867403030396 43
1752636442958 -0.4737481474876404 44
1752636455985 -0.5379688143730164 45
1752636468794 -0.618594229221344 46
1752636481691 -0.5559139251708984 47
1752636494318 -0.4865958094596863 48
1752636506953 -0.5055907964706421 49
1752636519811 -0.4898192286491394 50
1752636532210 -0.49511927366256714 51
1752636544636 -0.4098108410835266 52
1752636557063 -0.6371694803237915 53
1752636569382 -0.6434939503669739 54
1752636582034 -0.5499420762062073 55
1752636594428 -0.5366443991661072 56
1752636606728 -0.5966563820838928 57
1752636619115 -0.6232745051383972 58
1752636631462 -0.6560883522033691 59
1752636644027 -0.7270022630691528 60
1752636656393 -0.6642999649047852 61
1752636668858 -0.6787818670272827 62
1752636681300 -0.7182357907295227 63
1752636693947 -0.6626739501953125 64
1752636706590 -0.72052401304245 65
1752636719167 -0.6444955468177795 66
1752636731715 -0.748437225818634 67
1752636744488 -0.7462738752365112 68
1752636757265 -0.7358688712120056 69
1752636770127 -0.7586835026741028 70
1752636782694 -0.7980548739433289 71
1752636795399 -0.8594255447387695 72
1752636808073 -0.8324624300003052 73
1752636820622 -0.7713438868522644 74
1752636833396 -0.8648062944412231 75
1752636845962 -0.8176596760749817 76
1752636858400 -0.8553493618965149 77
1752636870953 -0.8770163059234619 78
1752636883466 -0.8967457413673401 79
1752636896513 -0.9550133943557739 80
1752636909019 -0.8837673664093018 81
1752636921530 -0.9087472558021545 82
1752636933908 -0.8031635284423828 83
1752636946470 -0.8446379899978638 84
1752636959089 -0.8355779051780701 85
1752636971466 -0.9224507808685303 86
1752636983977 -0.8867842555046082 87
1752636996409 -0.9741533994674683 88
1752637008910 -0.9553611278533936 89
1752637021606 -0.9631063938140869 90
1752637034081 -0.9272670745849609 91
1752637046495 -0.9969812631607056 92
1752637059072 -1.0299005508422852 93
1752637071560 -0.9783062934875488 94
1752637084296 -1.0729928016662598 95
1752637097073 -1.0267740488052368 96
1752637109739 -1.0772769451141357 97
1752637122431 -1.1664373874664307 98
1752637135966 -1.0763909816741943 99
1752635882857 -0.10855453461408615 0
