1779862605265 2.351576805114746 0
1779862605269 1.9015229940414429 1
1779862605273 1.6202188730239868 2
1779862605277 1.3075554370880127 3
1779862605281 1.071791410446167 4
1779862605285 0.8441091775894165 5
1779862605289 0.7104477286338806 6
1779862605293 0.6443347930908203 7
1779862605297 0.5728357434272766 8
1779862605301 0.5420529842376709 9
1779862605305 0.5335005521774292 10
1779862605308 0.5258232951164246 11
1779862605312 0.5230348110198975 12
1779862605317 0.5227323174476624 13
1779862605321 0.530159056186676 14
1779862605325 0.5318917632102966 15
1779862605329 0.5351335406303406 16
1779862605333 0.5353244543075562 17
1779862605338 0.5323941707611084 18
1779862605342 0.5353869199752808 19
1779862605347 0.5319184064865112 20
1779862605351 0.5333585143089294 21
1779862605355 0.52512526512146 22
1779862605359 0.5212421417236328 23
1779862605363 0.5245160460472107 24
1779862605368 0.5185635089874268 25
1779862605372 0.5239734053611755 26
1779862605376 0.5237037539482117 27
1779862605379 0.5227054953575134 28
1779862605384 0.5244101285934448 29
1779862605387 0.5208838582038879 30
1779862605391 0.519074022769928 31
1779862605395 0.5185735821723938 32
1779862605399 0.5110263228416443 33
1779862605404 0.5169436931610107 34
1779862605408 0.5139175057411194 35
1779862605412 0.516128420829773 36
1779862605416 0.5146005749702454 37
1779862605421 0.5124914646148682 38
1779862605425 0.5121989250183105 39
1779862605429 0.5123088955879211 40
1779862605433 0.5123365521430969 41
1779862605437 0.5123112201690674 42
1779862605440 0.5137942433357239 43
1779862605444 0.5106481909751892 44
1779862605448 0.5119538307189941 45
1779862605452 0.511984646320343 46
1779862605455 0.5131445527076721 47
1779862605459 0.5114583969116211 48
1779862605463 0.508743405342102 49
1779862605466 0.5128308534622192 50
1779862605470 0.5087927579879761 51
1779862605474 0.512370228767395 52
1779862605478 0.5064601302146912 53
1779862605481 0.510435163974762 54
1779862605485 0.5122931003570557 55
1779862605489 0.5098786950111389 56
