1753834298859 2.2170796394348145 0
1753834316985 2.1098363399505615 1
1753834335859 2.067067861557007 2
1753834360757 1.9567818641662598 3
1753834384366 1.8800866603851318 4
1753834408927 1.7984776496887207 5
1753834433789 1.7385084629058838 6
1753834457073 1.6711745262145996 7
1753834480541 1.5725915431976318 8
1753834504423 1.531738042831421 9
1753834526277 1.4816967248916626 10
1753834547927 1.4562242031097412 11
1753834569157 1.3888238668441772 12
1753834588944 1.3233702182769775 13
1753834608624 1.2662752866744995 14
1753834628622 1.213648796081543 15
1753834648469 1.1916923522949219 16
1753834667768 1.2077000141143799 17
1753834686492 1.1280630826950073 18
1753834702454 1.1231495141983032 19
1753834715141 1.0988318920135498 20
1753834727420 1.0442448854446411 21
1753834741212 1.0200103521347046 22
1753834755443 0.9933013916015625 23
1753834771803 0.9946708679199219 24
1753834788942 0.9890886545181274 25
1753834820643 0.9818000793457031 26
1753834867389 0.9479387998580933 27
1753834885175 0.9308091402053833 28
1753834902428 0.9023882150650024 29
1753834920120 0.8916150331497192 30
1753835063106 0.8946387767791748 31
1753835146698 0.8333025574684143 32
1753835312146 0.8223778605461121 33
1753835393479 0.7968709468841553 34
1753835477188 0.7595987319946289 35
1753835557330 0.7587118148803711 36
1753836911811 0.7509759664535522 37
1753836935807 0.7354118227958679 38
1753836969212 0.727393627166748 39
1753837122295 0.7144383192062378 40
1753837135961 0.7445667386054993 41
1753837150800 0.7011202573776245 42
1753837165733 0.7040944695472717 43
1753837180590 0.6830468773841858 44
1753837195518 0.6714243292808533 45
1753837210663 0.6799649596214294 46
1753837225389 0.6471222639083862 47
1753837240360 0.6445170044898987 48
1753837255269 0.6342391967773438 49
1753837270472 0.6080100536346436 50
1753838310109 0.6138814687728882 51
1753840373084 0.5936414003372192 52
1753841299308 0.5845946669578552 53
1753842220870 0.5807827115058899 54
1753844136035 0.5703741908073425 55
1753846384728 0.5652204155921936 56
1753847307418 0.5577171444892883 57
1753848200913 0.5469153523445129 58
1753850268873 0.5383902788162231 59
1753853255192 0.5339223742485046 60
1753855200780 0.5289285182952881 61
1753857216302 0.5175232291221619 62
1753859312874 0.5050355792045593 63
1753862229307 0.4948786795139313 64
1753864209896 0.5159634947776794 65
1753865422455 0.4929690361022949 66
1753868433820 0.4768018126487732 67
1753870387670 0.47294315695762634 68
1753871346172 0.46446293592453003 69
1753873358118 0.46952709555625916 70
1753875177496 0.4640870988368988 71
1753877057316 0.4534825086593628 72
1753879072784 0.4462145268917084 73
1753880902292 0.44047561287879944 74
1753881343258 0.4341032803058624 75
1753881354899 0.43424487113952637 76
1753881366418 0.42784520983695984 77
1753881378204 0.43446460366249084 78
1753881390111 0.4302120506763458 79
1753881401849 0.4254545569419861 80
1753881413442 0.42754602432250977 81
1753881424929 0.4090324938297272 82
1753881436598 0.4122449457645416 83
1753881448163 0.40868309140205383 84
1753881459799 0.4052554965019226 85
1753881471401 0.40266475081443787 86
1753881483419 0.39637118577957153 87
1753881495099 0.3906489908695221 88
1753881506877 0.39283084869384766 89
1753881518840 0.38503557443618774 90
1753881530424 0.37983283400535583 91
1753881542042 0.3794618248939514 92
1753881553817 0.38041114807128906 93
1753881565726 0.36729106307029724 94
1753881577463 0.3784215450286865 95
1753881589244 0.37299859523773193 96
1753881600897 0.3559591472148895 97
1753881612653 0.35601097345352173 98
1753881624666 0.3519228994846344 99
1753834298859 2.2170796394348145 0
