1779860967298 2.3516592979431152 0
1779860967303 1.9051469564437866 1
1779860967307 1.6163307428359985 2
1779860967311 1.308669090270996 3
1779860967315 1.077204942703247 4
1779860967319 0.8492444753646851 5
1779860967323 0.7119583487510681 6
1779860967327 0.6443153619766235 7
1779860967331 0.572624683380127 8
1779860967334 0.5422434210777283 9
1779860967338 0.5333982110023499 10
1779860967342 0.5256524085998535 11
1779860967347 0.5231678485870361 12
1779860967351 0.5224906206130981 13
1779860967355 0.5297644138336182 14
1779860967359 0.5314474105834961 15
1779860967363 0.5347132086753845 16
1779860967367 0.5348424315452576 17
1779860967372 0.5318618416786194 18
1779860967376 0.5349965691566467 19
1779860967380 0.5315457582473755 20
1779860967384 0.5327933430671692 21
1779860967388 0.5248907208442688 22
1779860967392 0.521580696105957 23
1779860967396 0.5242908000946045 24
1779860967400 0.518173336982727 25
1779860967404 0.5243540406227112 26
1779860967408 0.5234004259109497 27
1779860967412 0.5227633118629456 28
1779860967416 0.5243999361991882 29
1779860967420 0.520862340927124 30
1779860967424 0.5190509557723999 31
1779860967429 0.517998218536377 32
1779860967434 0.5107983350753784 33
1779860967438 0.5171345472335815 34
1779860967442 0.5135183334350586 35
1779860967446 0.5167412161827087 36
1779860967450 0.5148918628692627 37
1779860967454 0.5124764442443848 38
1779860967458 0.5123540163040161 39
1779860967462 0.5122460126876831 40
1779860967466 0.5121381878852844 41
1779860967470 0.5126605033874512 42
1779860967474 0.513850748538971 43
1779860967478 0.5107535123825073 44
1779860967482 0.5121247172355652 45
1779860967486 0.5120671391487122 46
1779860967489 0.51337069272995 47
1779860967493 0.5114467144012451 48
1779860967497 0.5087705850601196 49
1779860967500 0.5133090019226074 50
1779860967504 0.5089215040206909 51
1779860967508 0.5123153328895569 52
1779860967511 0.5065182447433472 53
1779860967515 0.5106569528579712 54
1779860967519 0.512152373790741 55
1779860967523 0.5100843906402588 56
1779860967526 0.5060625076293945 57
1779860967530 0.5075098872184753 58
