1754666778123 2.2123982906341553 0
1754666795670 2.1034584045410156 1
1754666812775 1.9876151084899902 2
1754666830044 1.8926743268966675 3
1754666844439 1.810797095298767 4
1754666861803 1.7319029569625854 5
1754666878497 1.6597000360488892 6
1754666895342 1.5790549516677856 7
1754666910191 1.5030118227005005 8
1754666926559 1.4441717863082886 9
1754666943834 1.3821079730987549 10
1754666960784 1.3120757341384888 11
1754666976792 1.276766061782837 12
1754666992929 1.2316511869430542 13
1754667010279 1.1660736799240112 14
1754667027330 1.1192981004714966 15
1754667043697 1.0702838897705078 16
1754667058916 1.0481021404266357 17
1754667076032 0.984967827796936 18
1754667093013 0.941623866558075 19
1754667110337 0.9250809550285339 20
1754667125508 0.8804899454116821 21
1754667143095 0.862174391746521 22
1754667160837 0.814086377620697 23
1754667178597 0.7619069814682007 24
1754667194588 0.7454730868339539 25
1754667212279 0.7236500978469849 26
1754667229928 0.6851463317871094 27
1754667247317 0.672909677028656 28
1754667261995 0.6454668045043945 29
1754667278875 0.6343557834625244 30
1754667296152 0.59816575050354 31
1754667313534 0.5750547051429749 32
1754667328211 0.5493472814559937 33
1754667345932 0.5449253916740417 34
1754667363278 0.5113259553909302 35
1754667380750 0.5019756555557251 36
1754667395478 0.4702166020870209 37
1754667412448 0.45576953887939453 38
1754667429352 0.44646963477134705 39
1754667446231 0.42357856035232544 40
1754667461808 0.3936091363430023 41
1754667478185 0.3995465636253357 42
1754667495178 0.3768376410007477 43
1754667511956 0.3643535077571869 44
1754667528143 0.3566288948059082 45
1754667543604 0.35514652729034424 46
1754667560895 0.3428865671157837 47
1754667577929 0.31978052854537964 48
1754667595018 0.3075826168060303 49
1754667610259 0.2961171567440033 50
1754667627530 0.29243004322052 51
1754667644519 0.29086247086524963 52
1754667661734 0.26895344257354736 53
1754667675808 0.2539220452308655 54
1754667692919 0.2606438100337982 55
1754667710204 0.2428538054227829 56
1754667727876 0.241247296333313 57
1754667743661 0.23154732584953308 58
1754667761692 0.22625680267810822 59
1754667779769 0.2212766408920288 60
1754667797500 0.20904673635959625 61
1754667812992 0.20157676935195923 62
1754667830781 0.19844475388526917 63
1754667848330 0.19268395006656647 64
1754667865924 0.19914142787456512 65
1754667881126 0.17987555265426636 66
1754667898071 0.18177156150341034 67
1754667915005 0.1685771644115448 68
1754667932104 0.16250629723072052 69
1754667948131 0.1625060737133026 70
1754667964220 0.16030314564704895 71
1754667981411 0.1569291055202484 72
1754667998956 0.15020430088043213 73
1754668015475 0.14230979979038239 74
1754668031251 0.14085566997528076 75
1754668048374 0.13816826045513153 76
1754668065438 0.1296459287405014 77
1754668082199 0.12530213594436646 78
1754668096964 0.14261113107204437 79
1754668114042 0.12838788330554962 80
1754668130856 0.12079652398824692 81
1754668147849 0.12260162830352783 82
1754668162221 0.12214548885822296 83
1754668179684 0.11508875340223312 84
1754668196862 0.1205623522400856 85
1754668213864 0.11208000034093857 86
1754668228255 0.11478438973426819 87
1754668245600 0.11407272517681122 88
1754668263008 0.10259836167097092 89
1754668280258 0.10484547168016434 90
1754669203935 0.10276486724615097 91
1754669220656 0.10579100251197815 92
1754669237899 0.09091628342866898 93
1754669271784 0.09705989062786102 94
1754669287418 0.09353313595056534 95
1754669304300 0.08879786729812622 96
1754669321875 0.0892607718706131 97
1754669338993 0.08281025290489197 98
1754669354220 0.08541514724493027 99
1754669371064 0.08357158303260803 100
1754669388842 0.07834628969430923 101
1754669407145 0.0778689756989479 102
1754669423690 0.07473018765449524 103
1754669441794 0.07719498127698898 104
1754669460694 0.07281152158975601 105
1754669487429 0.08722268790006638 106
1754669539845 0.07944609224796295 107
1754669557581 0.0686042457818985 108
1754669574719 0.07250721007585526 109
1754669682561 0.07087355852127075 110
1754669698091 0.07477060705423355 111
1754669714596 0.06529851257801056 112
1754669734316 0.06745593994855881 113
1754669751226 0.0657970979809761 114
1754669784272 0.06679125130176544 115
1754669801387 0.06421666592359543 116
1754669818380 0.06421489268541336 117
1754669840023 0.06225072965025902 118
1754669855996 0.06291185319423676 119
1754669871630 0.06672543287277222 120
1754669903683 0.06296172738075256 121
1754669920727 0.06153804808855057 122
1754670017616 0.05949026346206665 123
1754670033972 0.06089142709970474 124
1754670050993 0.05973612889647484 125
1754670081112 0.049933094531297684 126
1754670099012 0.07117366045713425 127
1754670114629 0.053239792585372925 128
1754670140312 0.05503210425376892 129
1754670157597 0.0518517829477787 130
1754670176899 0.05118913948535919 131
1754670193404 0.053979143500328064 132
1754670210408 0.05202552303671837 133
1754670243534 0.05235167592763901 134
1754670261534 0.04930016025900841 135
1754670276339 0.04728285223245621 136
1754670316524 0.052766233682632446 137
1754670333851 0.04679315537214279 138
1754670397010 0.05069451779127121 139
1754670413106 0.04706520587205887 140
1754670430981 0.04542024806141853 141
1754670467907 0.04479955509305 142
1754670486315 0.04827503114938736 143
1754670501299 0.047198835760354996 144
1754670521969 0.044521283358335495 145
1754670538930 0.04456012323498726 146
1754670560153 0.0487510971724987 147
1754670575979 0.04854350909590721 148
1754670593201 0.049052946269512177 149
1754670627176 0.0447198711335659 150
1754670645694 0.042701032012701035 151
1754670660209 0.042139992117881775 152
1754670691839 0.040256891399621964 153
1754670709050 0.041256848722696304 154
1754670727791 0.043608374893665314 155
1754670742270 0.03762127086520195 156
1754670759159 0.039097726345062256 157
1754671084596 0.03595181182026863 158
1754671101276 0.04043455794453621 159
1754671115722 0.041123587638139725 160
1754671322659 0.03588084131479263 161
1754671339621 0.043541353195905685 162
1754671356511 0.03672299161553383 163
1754672271990 0.03687969967722893 164
1754672288465 0.03944733738899231 165
1754672305717 0.03978195786476135 166
1754672322958 0.036960259079933167 167
1754672495996 0.03593303635716438 168
1754672512282 0.03660406172275543 169
1754672955993 0.03693283349275589 170
1754672973242 0.03610331937670708 171
1754672989198 0.03257213532924652 172
1754673914533 0.031418442726135254 173
1754673931501 0.03169917315244675 174
1754673948824 0.03620776906609535 175
1754674885894 0.031137967482209206 176
1754674901344 0.03403658792376518 177
1754674918653 0.032292891293764114 178
1754675881768 0.03206268325448036 179
1754675898672 0.0323750339448452 180
1754675914507 0.030737830325961113 181
1754676899901 0.028722841292619705 182
1754676917191 0.037948668003082275 183
1754676933566 0.031510718166828156 184
1754677861461 0.035242706537246704 185
1754677878661 0.029396217316389084 186
1754677895755 0.029277542605996132 187
1754677912867 0.029838085174560547 188
1754677927734 0.03161320090293884 189
1754677944555 0.026983654126524925 190
1754677961627 0.027361759915947914 191
1754677978439 0.028511332347989082 192
1754677992814 0.02565515786409378 193
1754678009505 0.026609137654304504 194
1754678026339 0.031251538544893265 195
1754678043245 0.03015722520649433 196
1754678058077 0.027824392542243004 197
1754678075832 0.027494097128510475 198
1754678093988 0.027954503893852234 199
1754678112567 0.03180880844593048 200
1754678128511 0.027062779292464256 201
1754678147078 0.025400597602128983 202
1754678165265 0.025593403726816177 203
1754678184030 0.030210770666599274 204
1754678200023 0.030908016487956047 205
1754678218595 0.027155736461281776 206
1754678237102 0.02577606402337551 207
1754678256041 0.02473863959312439 208
1754678272845 0.0250481516122818 209
1754678292131 0.022898118942975998 210
1754678319798 0.02678859233856201 211
1754678350243 0.030921155586838722 212
1754678379360 0.02568952552974224 213
1754678417311 0.025486424565315247 214
1754678463720 0.024479351937770844 215
1754678508667 0.027020394802093506 216
1754678535744 0.03585344925522804 217
1754678562656 0.025112854316830635 218
1754678587907 0.02219253219664097 219
1754678611649 0.024257177487015724 220
1754678632188 0.02344612032175064 221
1754678653497 0.02716708928346634 222
1754678675825 0.022230103611946106 223
1754678698278 0.02513379603624344 224
1754678718750 0.02386779896914959 225
1754678741561 0.026301421225070953 226
1754678767223 0.024339696392416954 227
1754678793008 0.02381863072514534 228
1754678817961 0.02196265198290348 229
1754678845578 0.024772711098194122 230
1754678875986 0.023520439863204956 231
1754678906987 0.023947663605213165 232
1754678935304 0.023023175075650215 233
1754678962485 0.02054663561284542 234
1754678990434 0.023569921031594276 235
1754679017924 0.022106748074293137 236
1754679043393 0.022851968184113503 237
1754679067454 0.021743495017290115 238
1754679093990 0.019796941429376602 239
1754679121174 0.024268312379717827 240
1754679148338 0.022134840488433838 241
1754679173648 0.019945688545703888 242
1754679203083 0.023521332070231438 243
1754679233005 0.020912576466798782 244
1754679262926 0.01887567527592182 245
1754679290010 0.021102100610733032 246
1754679321437 0.020009852945804596 247
1754679352481 0.019930345937609673 248
1754679382442 0.019497541710734367 249
1754679409771 0.020687932148575783 250
1754679439950 0.018414882943034172 251
1754679470191 0.018423952162265778 252
1754679499713 0.018703516572713852 253
1754679526330 0.019365599378943443 254
1754679557871 0.020940380170941353 255
1754679589312 0.020462671294808388 256
1754679621083 0.019841566681861877 257
1754679649534 0.018427088856697083 258
1754679682997 0.018165234476327896 259
1754679716886 0.018816962838172913 260
1754679748559 0.0176734309643507 261
1754679776712 0.017217978835105896 262
1754679808655 0.01796385832130909 263
1754679841264 0.01577790454030037 264
1754679873012 0.0212995745241642 265
1754679901125 0.01784004457294941 266
1754679933587 0.017866773530840874 267
1754679967334 0.018034502863883972 268
1754680000040 0.02287016063928604 269
1754680026796 0.016065293923020363 270
1754680061332 0.02055087871849537 271
1754680094220 0.017198434099555016 272
1754680128565 0.016792699694633484 273
1754680155185 0.01901719905436039 274
1754680189166 0.021187568083405495 275
1754680221870 0.017998848110437393 276
1754680256379 0.01793351210653782 277
1754680284314 0.017510976642370224 278
1754680318233 0.018145790323615074 279
1754680351572 0.01692507602274418 280
1754680386599 0.016879087314009666 281
1754680415277 0.01983666978776455 282
1754680450288 0.017752526327967644 283
1754680484047 0.01714969240128994 284
1754680519886 0.017511481419205666 285
1754680551818 0.017568819224834442 286
1754680585888 0.015891294926404953 287
1754680619476 0.015964047983288765 288
1754680653088 0.016072969883680344 289
1754680683397 0.01599551923573017 290
1754680715858 0.01830223761498928 291
1754680750116 0.01546881441026926 292
1754680784854 0.016760176047682762 293
1754680815238 0.01609567366540432 294
1754680848176 0.01648724637925625 295
1754680881863 0.01616682857275009 296
1754680915508 0.014798693358898163 297
1754680945539 0.015159384347498417 298
1754680976832 0.02042279951274395 299
1754681010608 0.01917354390025139 300
1754681044018 0.015651937574148178 301
1754681075667 0.016579579561948776 302
1754681107059 0.016500646248459816 303
1754681141679 0.018705736845731735 304
1754681176662 0.019463494420051575 305
1754681209126 0.019502323120832443 306
1754681241099 0.013557429425418377 307
1754681275226 0.015116380527615547 308
1754681309892 0.013474874198436737 309
1754681341681 0.01461299043148756 310
1754681372539 0.01659238338470459 311
1754681406214 0.015222666785120964 312
1754681440909 0.01767553761601448 313
1754681592595 0.016798336058855057 314
1754681607629 0.017854075878858566 315
1754681624502 0.015579752624034882 316
1754681721011 0.019296521320939064 317
1754681737996 0.014769313856959343 318
1754681752717 0.01567012071609497 319
1754681778940 0.015470280312001705 320
1754681795961 0.014531663618981838 321
1754681813539 0.015162310563027859 322
1754681838204 0.01459029782563448 323
1754681886942 0.01398233138024807 324
1754681904059 0.01573895290493965 325
1754681923124 0.015335407108068466 326
1754681938730 0.014894874766469002 327
1754681955728 0.014519456773996353 328
1754682024385 0.013787911273539066 329
1754682041599 0.013879952020943165 330
1754682056193 0.01624753698706627 331
1754682978609 0.013715618290007114 332
1754682996206 0.014401190914213657 333
1754683013406 0.014193679206073284 334
1754683028439 0.014595001935958862 335
1754683045569 0.018650155514478683 336
1754683062804 0.014993310905992985 337
1754683079727 0.014103163965046406 338
1754683094085 0.016271257773041725 339
1754683111430 0.014438604936003685 340
1754683129585 0.014776713214814663 341
1754683148008 0.016329504549503326 342
1754683164060 0.015161069110035896 343
1754683187609 0.019833490252494812 344
1754684285249 0.014167362824082375 345
1754684302599 0.01569874957203865 346
1754684316561 0.01588263362646103 347
1754684333322 0.013167149387300014 348
1754684349964 0.014638977125287056 349
1754684366717 0.014335667714476585 350
1754684380857 0.01468835212290287 351
1754684397659 0.015414799563586712 352
1754684414317 0.014960852451622486 353
1754684431909 0.01351841725409031 354
1754684448029 0.013915209099650383 355
1754684465833 0.01301192119717598 356
1754684484540 0.01760387420654297 357
1754684503183 0.014637750573456287 358
1754684520272 0.014052655547857285 359
1754684545843 0.016355201601982117 360
1754685100456 0.013653776608407497 361
1754685118345 0.012536052614450455 362
1754685133900 0.012899266555905342 363
1754685150136 0.01383127924054861 364
1754685167291 0.012574565596878529 365
1754685184299 0.012098252773284912 366
1754685200697 0.010105792433023453 367
1754685216101 0.01356374379247427 368
1754685236808 0.015946364030241966 369
1754685257226 0.014930354431271553 370
1754685277810 0.011461012996733189 371
1754685296806 0.012131426483392715 372
1754685317483 0.012085544876754284 373
1754685338033 0.015200917609035969 374
1754685358828 0.010484716854989529 375
1754685377737 0.012406706809997559 376
