1753819463382 2.0541460514068604 0
1753819467856 2.0612826347351074 1
1753819472396 1.6809900999069214 2
1753819476875 1.3699735403060913 3
1753819481312 1.1011698246002197 4
1753819485780 0.9853982329368591 5
1753819490353 0.8283194899559021 6
1753819494794 0.7861453890800476 7
1753819499223 0.5430993437767029 8
1753819503780 0.5535330772399902 9
1753819508547 0.45910754799842834 10
1753819513048 0.45776796340942383 11
1753819517541 0.3228665888309479 12
1753819522155 0.3192513585090637 13
1753819526670 0.4112420082092285 14
1753819531176 0.3051403760910034 15
1753819535731 0.2774660587310791 16
1753819540204 0.20230193436145782 17
1753819544688 0.21254070103168488 18
1753819549159 0.19426482915878296 19
1753819553936 0.1505776047706604 20
1753819558410 0.14411531388759613 21
1753819562945 0.12722671031951904 22
1753819567550 0.5383619070053101 23
1753819572074 0.14214232563972473 24
1753819576556 0.10580939799547195 25
1753819581064 0.09241124242544174 26
1753819585693 0.07895828783512115 27
1753819590193 0.083017498254776 28
1753819594660 0.14395356178283691 29
1753819599330 0.08355282992124557 30
1753819603902 0.08055293560028076 31
1753819608445 0.08307361602783203 32
1753819612989 0.17921581864356995 33
1753819617620 0.06760557740926743 34
1753819622164 0.06265952438116074 35
1753819626667 0.043372977524995804 36
1753819631171 0.06455564498901367 37
1753819635734 0.047008730471134186 38
1753819640268 0.04564303532242775 39
1753819644935 0.036438845098018646 40
1753819649503 0.054695289582014084 41
1753819653999 0.036947622895240784 42
1753819658519 0.03784791752696037 43
1753819663058 0.038913603872060776 44
1753819667659 0.06143401563167572 45
1753819672146 0.040905456990003586 46
1753819676646 0.05327284708619118 47
1753819681208 0.03047586791217327 48
1753819685822 0.03948744758963585 49
1753819690491 0.06209252402186394 50
1753819695080 0.029491515830159187 51
1753819699663 0.020999226719141006 52
1753819704212 0.04585254192352295 53
1753819708764 0.02775922231376171 54
1753819713249 0.03445325791835785 55
1753819717849 0.05709762126207352 56
1753819722360 0.025787323713302612 57
1753819726865 0.016314957290887833 58
1753819731365 0.024425672367215157 59
1753819736144 0.028309445828199387 60
1753819740683 0.014476360753178596 61
1753819745200 0.016749391332268715 62
1753819749772 0.024971961975097656 63
1753819754343 0.03127174824476242 64
1753819758888 0.020074153319001198 65
1753819763495 0.06084291636943817 66
1753819768317 0.018041180446743965 67
1753819772964 0.017529159784317017 68
1753819777681 0.020348843187093735 69
1753819782718 0.01898730732500553 70
1753819787462 0.023897754028439522 71
1753819792204 0.06316326558589935 72
1753819796924 0.012076146900653839 73
1753819801757 0.01692977361381054 74
1753819806523 0.01985243894159794 75
1753819811245 0.012760820798575878 76
1753819816065 0.02557717263698578 77
1753819820832 0.025015531107783318 78
1753819825544 0.01708882674574852 79
1753819830473 0.03040451928973198 80
1753819835324 0.019719159230589867 81
1753819840046 0.01303321123123169 82
1753819844692 0.018726732581853867 83
1753819849249 0.020720334723591805 84
1753819853924 0.011372012086212635 85
1753819858449 0.010616496205329895 86
1753819862977 0.015540515072643757 87
1753819867595 0.01900661177933216 88
1753819872121 0.016958871856331825 89
1753819876844 0.019048474729061127 90
1753819881399 0.01740889810025692 91
1753819886038 0.019862273707985878 92
1753819890534 0.01012249942868948 93
1753819895021 0.01877940632402897 94
1753819899616 0.010974827222526073 95
1753819904140 0.01168791949748993 96
1753819908670 0.01565587893128395 97
1753819913195 0.00541673693805933 98
1753819917806 0.008781952783465385 99
1753819463382 2.0541460514068604 0
