1752637159219 -0.1585397571325302 0
1752637177799 -0.48763012886047363 1
1752637196407 -1.1899113655090332 2
1752637215001 -1.6780624389648438 3
1752637233388 -2.0341289043426514 4
1752637252173 -2.230926036834717 5
1752637270699 -2.3552606105804443 6
1752637289019 -2.4498138427734375 7
1752637307493 -2.506972074508667 8
1752637325979 -2.548403263092041 9
1752637344669 -2.5705106258392334 10
1752637363344 -2.5833182334899902 11
1752637381947 -2.607090950012207 12
1752637400651 -2.6065452098846436 13
1752637419278 -2.633824110031128 14
1752637438257 -2.6364095211029053 15
1752637457073 -2.6354362964630127 16
1752637476824 -2.6372687816619873 17
1752637495633 -2.6228575706481934 18
1752637514445 -2.6320908069610596 19
1752637533503 -2.653364419937134 20
1752637552805 -2.6377692222595215 21
1752637571508 -2.6501400470733643 22
1752637590348 -2.6602365970611572 23
1752637609767 -2.6555428504943848 24
1752637628551 -2.662426471710205 25
1752637647289 -2.671260356903076 26
1752637666548 -2.655036687850952 27
1752637685284 -2.6740527153015137 28
1752637704107 -2.665590286254883 29
1752637723474 -2.6702370643615723 30
1752637742105 -2.6775777339935303 31
1752637760964 -2.6798715591430664 32
1752637779974 -2.66813063621521 33
1752637798885 -2.6386570930480957 34
1752637818104 -2.673219919204712 35
1752637837244 -2.673129081726074 36
1752637856225 -2.6830978393554688 37
1752637875236 -2.6810667514801025 38
1752637894308 -2.68587064743042 39
1752637913397 -2.66927170753479 40
1752637932332 -2.6733169555664062 41
1752637951174 -2.6639890670776367 42
1752637969983 -2.6751043796539307 43
1752637988887 -2.6801183223724365 44
1752638008051 -2.6758735179901123 45
1752638026837 -2.663505792617798 46
1752638047082 -2.681392192840576 47
1752638064700 -2.6693520545959473 48
1752638080204 -2.6916415691375732 49
1752638096320 -2.6781935691833496 50
1752639033074 -2.647859573364258 51
1752639048492 -2.6804568767547607 52
1752639064045 -2.6875691413879395 53
1752639440467 -2.6885793209075928 54
1752639455956 -2.695981502532959 55
1752639471567 -2.666287422180176 56
1752639487010 -2.674574613571167 57
1752639502595 -2.6943163871765137 58
1752639518207 -2.6887125968933105 59
1752639533917 -2.6733856201171875 60
1752639549273 -2.7053933143615723 61
1752639564683 -2.6778860092163086 62
1752639580090 -2.6939375400543213 63
1752639595638 -2.698537588119507 64
1752639611384 -2.70108962059021 65
1752639626871 -2.6693599224090576 66
1752639642469 -2.6730170249938965 67
1752639657915 -2.6891307830810547 68
1752639673410 -2.677769184112549 69
1752639689054 -2.7012345790863037 70
1752639704677 -2.6771187782287598 71
1752639720151 -2.6979336738586426 72
1752639735635 -2.6880054473876953 73
1752639751099 -2.6928553581237793 74
1752639766792 -2.6738336086273193 75
1752639782390 -2.7145042419433594 76
1752639797956 -2.696706533432007 77
1752639813535 -2.6788127422332764 78
1752639829070 -2.68110728263855 79
1752639844741 -2.685805082321167 80
1752639860172 -2.6716747283935547 81
1752639875760 -2.690232038497925 82
1752639891241 -2.703953981399536 83
1752639906693 -2.6831765174865723 84
1752639922320 -2.6953258514404297 85
1752639937859 -2.7159242630004883 86
1752639953337 -2.688281536102295 87
1752639968829 -2.697587728500366 88
1752639983974 -2.687882661819458 89
1752639999609 -2.68845534324646 90
1752640015067 -2.682493209838867 91
1752640030574 -2.688554048538208 92
1752640046041 -2.6774706840515137 93
1752640061577 -2.7080764770507812 94
1752640077278 -2.7063229084014893 95
1752640092664 -2.70405912399292 96
1752640110938 -2.6634671688079834 97
1752640139030 -2.687969446182251 98
1752640167296 -2.696300983428955 99
1752637159219 -0.1585397571325302 0
