1751500012338 3.1462371349334717 0
1751500041577 3.120342493057251 1
1751500068990 3.03912353515625 2
1751500094601 3.0140342712402344 3
1751500123369 2.873791456222534 4
1751500152652 2.7981679439544678 5
1751500182760 2.6757240295410156 6
1751500211474 2.631180763244629 7
1751500238164 2.5158324241638184 8
1751500264238 2.4027822017669678 9
1751500290941 2.383512020111084 10
1751500323434 2.311570882797241 11
1751500350541 2.228661298751831 12
1751500376356 2.166537284851074 13
1751500401617 2.051222801208496 14
1751500427107 2.0509934425354004 15
1751500452689 2.030622720718384 16
1751500477929 1.873837947845459 17
1751500505040 1.786228895187378 18
1751500530161 1.7369379997253418 19
1751500555041 1.7082566022872925 20
1751500584267 1.6347352266311646 21
1751500609230 1.6080464124679565 22
1751500633817 1.5429108142852783 23
1751500663500 1.4880977869033813 24
1751500689199 1.4400337934494019 25
1751500713932 1.3882198333740234 26
1751500739429 1.3935630321502686 27
1751500765287 1.3113980293273926 28
1751500792532 1.2206685543060303 29
1751500818523 1.172703504562378 30
1751500850076 1.1706379652023315 31
1751500875166 1.0779575109481812 32
1751500900758 1.0930120944976807 33
1751500944891 1.0201618671417236 34
1751500970700 0.9444804787635803 35
1751500995385 0.9568636417388916 36
1751501020552 0.8596750497817993 37
1751501046717 0.8317412734031677 38
1751501071691 0.7667093873023987 39
1751501097323 0.7590771317481995 40
1751501144702 0.6998050212860107 41
1751501170279 0.644250214099884 42
1751501196070 0.6444014310836792 43
1751501244745 0.5886803269386292 44
1751501273903 0.5145641565322876 45
1751501300726 0.48181721568107605 46
1751501325903 0.4670579135417938 47
1751501353176 0.43558934330940247 48
1751501378113 0.4113977253437042 49
1751501404961 0.39778468012809753 50
1751501435034 0.3663424551486969 51
1751501460548 0.3622588813304901 52
1751501486407 0.35392946004867554 53
1751501513548 0.31617993116378784 54
1751501541830 0.3531869947910309 55
1751501569099 0.33998802304267883 56
1751501595251 0.29313135147094727 57
1751501621037 0.2790084183216095 58
1751501647011 0.3007194697856903 59
1751501672299 0.28675660490989685 60
1751501702509 0.2823978066444397 61
1751501728566 0.27573642134666443 62
1751501753876 0.2867348790168762 63
1751501779220 0.26413556933403015 64
1751501805671 0.2637123465538025 65
1751501831466 0.2713824510574341 66
1751501858311 0.24838948249816895 67
1751501884067 0.21849402785301208 68
1751501910631 0.24753113090991974 69
1751501935441 0.2119850516319275 70
1751501967141 0.21866902709007263 71
1751501994906 0.19791613519191742 72
1751502024526 0.19650346040725708 73
1751502056979 0.19719253480434418 74
1751502087366 0.1996528059244156 75
1751502116668 0.19261932373046875 76
1751502145056 0.17382335662841797 77
1751502171899 0.17566128075122833 78
1751502199024 0.19583649933338165 79
1751502227132 0.18477927148342133 80
1751502261488 0.17331379652023315 81
1751502291228 0.16993385553359985 82
1751502321424 0.16289232671260834 83
1751502350140 0.16263261437416077 84
1751502377543 0.15671387314796448 85
1751502402903 0.15129762887954712 86
1751502447535 0.15749715268611908 87
1751502473003 0.149543896317482 88
1751502497804 0.16343723237514496 89
1751502523847 0.1488107144832611 90
1751502554669 0.15782849490642548 91
1751502580396 0.1466641128063202 92
1751502606255 0.1461661159992218 93
1751502630427 0.14831353724002838 94
1751502655796 0.14862769842147827 95
1751502681008 0.13956817984580994 96
1751502707753 0.14845098555088043 97
1751502736367 0.15814000368118286 98
1751502762213 0.1420517861843109 99
