1753828245439 2.2023439407348633 0
1753828251510 2.0361404418945312 1
1753828257874 1.932416558265686 2
1753828264142 1.80023992061615 3
1753828269948 1.6760056018829346 4
1753828275727 1.6030466556549072 5
1753828282139 1.5335488319396973 6
1753828288490 1.4162719249725342 7
1753828294554 1.3409427404403687 8
1753828300228 1.271599292755127 9
1753828306757 1.2065426111221313 10
1753828312942 1.1738636493682861 11
1753828319259 1.0839004516601562 12
1753828324687 1.0304802656173706 13
1753828330990 0.9906711578369141 14
1753828337249 0.9639303684234619 15
1753828343509 0.9376310110092163 16
1753828348707 0.8984807133674622 17
1753828354912 0.8584738969802856 18
1753828361188 0.8420292735099792 19
1753828367729 0.8118867874145508 20
1753828373106 0.7884436249732971 21
1753828379238 0.7635181546211243 22
1753828385441 0.7449637055397034 23
1753828391811 0.7147480845451355 24
1753828397683 0.6935704350471497 25
1753828403612 0.7006406188011169 26
1753828410086 0.6474278569221497 27
1753828416314 0.6481015086174011 28
1753828422307 0.6239228844642639 29
1753828428114 0.6218933463096619 30
1753828434439 0.6116053462028503 31
1753828440678 0.5922917723655701 32
1753828446940 0.586355984210968 33
1753828452410 0.5664185881614685 34
1753828458642 0.5507703423500061 35
1753828464836 0.5436104536056519 36
1753828471058 0.5328029990196228 37
1753828476377 0.5281797051429749 38
1753828482604 0.5232870578765869 39
1753828489055 0.5150841474533081 40
1753828495408 0.49475523829460144 41
1753828500579 0.49487510323524475 42
1753828506761 0.48024633526802063 43
1753828512966 0.48997631669044495 44
1753828519293 0.47339364886283875 45
1753828524913 0.4790956974029541 46
1753828530867 0.4588819146156311 47
1753828537083 0.4636060297489166 48
1753828543437 0.4593827426433563 49
1753828549506 0.4420251250267029 50
1753828555185 0.4324464201927185 51
1753828561552 0.42994803190231323 52
1753828567790 0.42789265513420105 53
1753828573948 0.4346509575843811 54
1753828579364 0.4259258806705475 55
1753828585708 0.4133225977420807 56
1753828591930 0.4104534387588501 57
1753828598171 0.4063919186592102 58
1753828603392 0.3982889652252197 59
1753828609942 0.39725741744041443 60
1753828616185 0.39620062708854675 61
1753828622408 0.38532933592796326 62
1753828627729 0.3810550570487976 63
1753828633980 0.3759012222290039 64
1753828640235 0.38656190037727356 65
1753828646521 0.3754744529724121 66
1753828651869 0.36786988377571106 67
1753828658062 0.36949777603149414 68
1753828664304 0.36118462681770325 69
1753828670898 0.3566794991493225 70
1753828676402 0.3586162328720093 71
1753828682494 0.34616926312446594 72
1753828688722 0.34356144070625305 73
1753828695080 0.3425913155078888 74
1753828701969 0.3397025167942047 75
1753828707736 0.3360078036785126 76
1753828713959 0.33465665578842163 77
1753828720118 0.33398813009262085 78
1753828726081 0.33818066120147705 79
1753828731824 0.33339715003967285 80
1753828738173 0.32757294178009033 81
1753828744445 0.3157791793346405 82
1753828750667 0.3266487419605255 83
1753828755825 0.3204003870487213 84
1753828762147 0.31817626953125 85
1753828768399 0.3237168788909912 86
1753828774629 0.3183095157146454 87
1753828779901 0.3073725998401642 88
1753828786122 0.3092092275619507 89
1753828792582 0.3071821331977844 90
1753828798817 0.3066931962966919 91
1753828804354 0.3034001886844635 92
1753828810506 0.3020065724849701 93
1753828816746 0.3046519458293915 94
1753828822970 0.30120959877967834 95
1753828828827 0.3019166886806488 96
1753828834718 0.2886628806591034 97
1753828840983 0.2907242774963379 98
1753828847378 0.2940736413002014 99
1753828245439 2.2023439407348633 0
