1753820506561 1.9515833854675293 0
1753820506585 1.8765456676483154 1
1753820506611 1.7828176021575928 2
1753820506634 1.6765674352645874 3
1753820506657 1.5024302005767822 4
1753820506682 1.3434689044952393 5
1753820506706 1.1602898836135864 6
1753820506730 0.9849093556404114 7
1753820506753 0.8441324234008789 8
1753820506776 0.6545814871788025 9
1753820506799 0.5490339398384094 10
1753820506823 0.5556516051292419 11
1753820506848 0.3853376805782318 12
1753820506872 0.3427780568599701 13
1753820506896 0.30193227529525757 14
1753820506919 0.27212730050086975 15
1753820506944 0.20511659979820251 16
1753820506968 0.16995541751384735 17
1753820506991 0.20091964304447174 18
1753820507014 0.1645287126302719 19
1753820507037 0.15377965569496155 20
1753820507060 0.12405270338058472 21
1753820507084 0.13791902363300323 22
1753820507108 0.21028810739517212 23
1753820507132 0.16509288549423218 24
1753820507156 0.07020346820354462 25
1753820507181 0.1290799230337143 26
1753820507207 0.12967689335346222 27
1753820507231 0.09949188679456711 28
1753820507255 0.07815840095281601 29
1753820507279 0.11545621603727341 30
1753820507303 0.07086360454559326 31
1753820507328 0.06551717966794968 32
1753820507353 0.08202201128005981 33
1753820506561 1.9515833854675293 0
