1779863420077 2.374249219894409 0
1779863420081 1.9322521686553955 1
1779863420086 1.6177600622177124 2
1779863420090 1.3262251615524292 3
1779863420094 1.0487253665924072 4
1779863420098 0.8500405550003052 5
1779863420102 0.717090904712677 6
1779863420106 0.6358644962310791 7
1779863420110 0.5724085569381714 8
1779863420114 0.5416183471679688 9
1779863420118 0.524554967880249 10
1779863420123 0.5234248638153076 11
1779863420127 0.5196601152420044 12
1779863420132 0.5221062898635864 13
1779863420136 0.5244882702827454 14
1779863420140 0.5286428928375244 15
1779863420144 0.5293519496917725 16
1779863420149 0.532666027545929 17
1779863420153 0.532800555229187 18
1779863420157 0.5293354392051697 19
1779863420162 0.5307332277297974 20
1779863420166 0.5272544622421265 21
1779863420170 0.5250497460365295 22
1779863420175 0.5238773822784424 23
1779863420179 0.5176964998245239 24
1779863420183 0.5199738144874573 25
1779863420187 0.520988941192627 26
1779863420191 0.5196914672851562 27
1779863420196 0.5171611309051514 28
1779863420200 0.5175533294677734 29
1779863420204 0.5177962183952332 30
1779863420208 0.5179750919342041 31
1779863420212 0.5138705372810364 32
1779863420216 0.5159223079681396 33
1779863420220 0.5113741159439087 34
1779863420224 0.5141123533248901 35
1779863420228 0.5151251554489136 36
1779863420232 0.5139861106872559 37
1779863420236 0.5121310353279114 38
1779863420240 0.5114383697509766 39
1779863420244 0.5122877955436707 40
1779863420248 0.5088772177696228 41
1779863420252 0.5097292065620422 42
1779863420256 0.5109272003173828 43
1779863420260 0.5115295648574829 44
1779863420263 0.511171817779541 45
1779863420267 0.5097142457962036 46
1779863420271 0.5094707012176514 47
1779863420275 0.508001983165741 48
1779863420279 0.507500946521759 49
1779863420283 0.508949339389801 50
1779863420287 0.5054233074188232 51
1779863420291 0.5057017207145691 52
1779863420294 0.5065416693687439 53
1779863420298 0.5093294978141785 54
1779863420302 0.5057938694953918 55
1779863420306 0.5060224533081055 56
1779863420310 0.5046465992927551 57
1779863420314 0.5043361783027649 58
1779863420318 0.5051870346069336 59
1779863420321 0.5044138431549072 60
1779863420325 0.5063551068305969 61
1779863420329 0.5051499605178833 62
1779863420333 0.5063096284866333 63
1779863420337 0.504075288772583 64
1779863420341 0.5044615864753723 65
1779863420345 0.5045015811920166 66
1779863420349 0.5035240650177002 67
1779863420353 0.5034664869308472 68
1779863420357 0.5030691623687744 69
1779863420361 0.5023124814033508 70
1779863420365 0.5029687881469727 71
1779863420368 0.5023510456085205 72
1779863420372 0.5016908049583435 73
1779863420376 0.5051614046096802 74
1779863420380 0.5041539669036865 75
1779863420384 0.5032311677932739 76
1779863420393 0.5043509602546692 77
1779863420397 0.5035122036933899 78
1779863420401 0.5064189434051514 79
1779863420404 0.498703271150589 80
1779863420408 0.5042652487754822 81
1779863420412 0.5000292658805847 82
1779863420416 0.502590000629425 83
1779863420420 0.5045958161354065 84
1779863420424 0.5022257566452026 85
1779863420428 0.5016663074493408 86
1779863420432 0.502640962600708 87
1779863420436 0.5041666030883789 88
1779863420440 0.4997727572917938 89
1779863420444 0.5011448264122009 90
1779863420448 0.5029705762863159 91
1779863420452 0.5018982887268066 92
1779863420456 0.5017517805099487 93
1779863420460 0.5021424293518066 94
1779863420463 0.501064658164978 95
1779863420467 0.49994638562202454 96
1779863420471 0.5006566047668457 97
1779863420475 0.4993738532066345 98
1779863420479 0.5014481544494629 99
1779863420483 0.5010226368904114 100
1779863420487 0.5016802549362183 101
1779863420491 0.4996831715106964 102
1779863420495 0.4997889995574951 103
1779863420498 0.5004328489303589 104
1779863420502 0.5007791519165039 105
1779863420506 0.5006471276283264 106
1779863420510 0.5009652376174927 107
1779863420514 0.5013430118560791 108
1779863420518 0.499240517616272 109
1779863420522 0.5023791790008545 110
1779863420526 0.4998597502708435 111
1779863420530 0.5013415813446045 112
