1753829195419 2.2098238468170166 0
1753829201607 2.0401298999786377 1
1753829207920 1.9265165328979492 2
1753829213046 1.7956359386444092 3
1753829219270 1.670314908027649 4
1753829225507 1.5951671600341797 5
1753829231798 1.534554123878479 6
1753829236928 1.4309766292572021 7
1753829243139 1.3332496881484985 8
1753829249473 1.2674680948257446 9
1753829255969 1.1967893838882446 10
1753829261314 1.1620807647705078 11
1753829267391 1.0659313201904297 12
1753829273645 1.0192457437515259 13
1753829279774 0.9784047603607178 14
1753829285528 0.9505509734153748 15
1753829291258 0.923719584941864 16
1753829297416 0.8831920623779297 17
1753829303577 0.8406423926353455 18
1753829309735 0.8317527174949646 19
1753829315318 0.8070974349975586 20
1753829321459 0.7711563110351562 21
1753829327604 0.7468817234039307 22
1753829333782 0.7223507761955261 23
1753829339046 0.6941498517990112 24
1753829345269 0.6770542860031128 25
1753829351447 0.6846826672554016 26
1753829357759 0.6253545880317688 27
1753829363113 0.6226621270179749 28
1753829369197 0.6053188443183899 29
1753829375561 0.6032464504241943 30
1753829381814 0.5882326364517212 31
1753829387534 0.5694881677627563 32
1753829393225 0.5650799870491028 33
1753829399497 0.5471926927566528 34
1753829405680 0.5269958972930908 35
1753829411828 0.5240975022315979 36
1753829417035 0.5150736570358276 37
1753829423294 0.5017530918121338 38
1753829430520 0.5059711337089539 39
1753829438413 0.495021790266037 40
1753829445084 0.4766122102737427 41
1753829452740 0.48042431473731995 42
1753829460399 0.46405163407325745 43
1753829468037 0.46739622950553894 44
1753829474842 0.45734545588493347 45
1753829482522 0.45574143528938293 46
1753829490207 0.4365789592266083 47
1753829497872 0.43883928656578064 48
1753829505181 0.43381327390670776 49
1753829513025 0.4247129261493683 50
1753829520886 0.41149988770484924 51
1753829528845 0.41167405247688293 52
1753829536471 0.40309733152389526 53
1753829543802 0.41065895557403564 54
1753829551734 0.4091436564922333 55
1753829559809 0.39616355299949646 56
1753829567739 0.3912586271762848 57
1753829574928 0.38175520300865173 58
1753829582909 0.37687626481056213 59
1753829591190 0.3805612325668335 60
1753829599222 0.37829890847206116 61
1753829606517 0.36459335684776306 62
1753829614707 0.36229681968688965 63
1753829622754 0.35932695865631104 64
1753829630706 0.36752980947494507 65
1753829637774 0.3564426600933075 66
1753829645922 0.34989213943481445 67
1753829653919 0.3488098084926605 68
1753829661886 0.3391852378845215 69
1753829669264 0.3336407542228699 70
1753829677223 0.33933746814727783 71
1753829685184 0.33142754435539246 72
1753829693130 0.3247680068016052 73
1753829700203 0.32585883140563965 74
1753829708115 0.3149178922176361 75
1753829715971 0.3150317370891571 76
1753829723795 0.3165689706802368 77
1753829730680 0.31886136531829834 78
1753829738510 0.3134033977985382 79
1753829746518 0.3141695261001587 80
1753829754414 0.3103134334087372 81
1753829761271 0.30154988169670105 82
1753829769064 0.30383360385894775 83
1753829776812 0.3036658465862274 84
1753829784650 0.30042287707328796 85
1753829791699 0.30363035202026367 86
1753829799478 0.2983618676662445 87
1753829807319 0.29085370898246765 88
1753829815045 0.2935292422771454 89
1753829822529 0.2900838851928711 90
1753829829835 0.28809767961502075 91
1753829837674 0.2845657169818878 92
1753829845416 0.2876884639263153 93
1753829853195 0.2860800623893738 94
1753829860118 0.28052958846092224 95
1753829867940 0.29114848375320435 96
1753829875740 0.2737596929073334 97
1753829883578 0.2747580409049988 98
1753829890457 0.2752628028392792 99
1753829195419 2.2098238468170166 0
