1753820525016 1.9486315250396729 0
1753820525040 1.8778234720230103 1
1753820525065 1.7825006246566772 2
1753820525089 1.6888322830200195 3
1753820525112 1.5333055257797241 4
1753820525135 1.3515868186950684 5
1753820525159 1.1801778078079224 6
1753820525181 0.9846859574317932 7
1753820525206 0.8100450038909912 8
1753820525230 0.761492908000946 9
1753820525253 0.5641452074050903 10
1753820525277 0.5239911675453186 11
1753820525301 0.45408615469932556 12
1753820525324 0.36562806367874146 13
1753820525347 0.3339959979057312 14
1753820525370 0.3047133982181549 15
1753820525392 0.2092626839876175 16
1753820525415 0.18407365679740906 17
1753820525438 0.18550239503383636 18
1753820525462 0.1429489254951477 19
1753820525485 0.1342775970697403 20
1753820525508 0.1571292281150818 21
1753820525531 0.1365486979484558 22
1753820525554 0.11202442646026611 23
1753820525577 0.13528868556022644 24
1753820525601 0.08924227952957153 25
1753820525624 0.09844410419464111 26
1753820525647 0.1348770558834076 27
1753820525669 0.1293676197528839 28
1753820525692 0.1086590364575386 29
1753820525716 0.08072445541620255 30
1753820525739 0.08500541746616364 31
1753820525763 0.059064898639917374 32
1753820525787 0.08161064982414246 33
1753820525810 0.08677127212285995 34
1753820525834 0.07267913967370987 35
1753820525858 0.05248576030135155 36
1753820525882 0.04179761931300163 37
1753820525906 0.09784440696239471 38
1753820525930 0.08348337560892105 39
1753820525954 0.06037551164627075 40
1753820525977 0.10662003606557846 41
1753820526001 0.05673038959503174 42
1753820526025 0.0733523741364479 43
1753820526049 0.04755357280373573 44
1753820526073 0.06973827630281448 45
1753820526096 0.12848299741744995 46
1753820526120 0.07837846875190735 47
1753820526144 0.05655153840780258 48
1753820526168 0.0896780714392662 49
1753820526193 0.035650502890348434 50
1753820526218 0.054603513330221176 51
1753820526242 0.05564587190747261 52
1753820526267 0.14023664593696594 53
1753820526291 0.04570041224360466 54
1753820526315 0.06788113713264465 55
1753820526340 0.04649655148386955 56
1753820526364 0.04684339091181755 57
1753820526388 0.1281183511018753 58
1753820526412 0.03499336540699005 59
1753820526437 0.03558764234185219 60
1753820526461 0.05242195725440979 61
1753820526486 0.07036390900611877 62
1753820526510 0.031928203999996185 63
1753820526534 0.036491747945547104 64
1753820526558 0.08448566496372223 65
1753820526582 0.06485998630523682 66
1753820526606 0.09028780460357666 67
1753820526631 0.05694640800356865 68
1753820526655 0.11038501560688019 69
1753820526680 0.09427940845489502 70
1753820526705 0.0753270760178566 71
1753820526730 0.09695526212453842 72
1753820526754 0.04723216965794563 73
1753820526779 0.07779403030872345 74
1753820526803 0.0827886313199997 75
1753820526828 0.0704430639743805 76
1753820526852 0.056875865906476974 77
1753820526876 0.07360251247882843 78
1753820526901 0.047905705869197845 79
1753820526926 0.0791437029838562 80
1753820526951 0.05920835956931114 81
1753820526976 0.06135385483503342 82
1753820527000 0.09222540259361267 83
1753820527026 0.1082899197936058 84
1753820527051 0.059760235249996185 85
1753820527076 0.0902777761220932 86
1753820527102 0.08356256783008575 87
1753820527127 0.07653093338012695 88
1753820527153 0.03201543539762497 89
1753820527179 0.07220101356506348 90
1753820527205 0.09655079990625381 91
1753820527231 0.07311821728944778 92
1753820527257 0.06182199344038963 93
1753820527283 0.026152323931455612 94
1753820527307 0.0857621505856514 95
1753820527332 0.03116632252931595 96
1753820527356 0.0625438392162323 97
1753820527379 0.051932211965322495 98
1753820527403 0.08337748795747757 99
1753820527427 0.059249136596918106 100
1753820527452 0.05551345646381378 101
1753820527476 0.06491400301456451 102
1753820527500 0.06443360447883606 103
1753820527524 0.11614102125167847 104
1753820527548 0.0597059391438961 105
1753820527572 0.06498193740844727 106
1753820527596 0.040861357003450394 107
1753820527620 0.03862593695521355 108
1753820527645 0.12163877487182617 109
1753820527670 0.10254194587469101 110
1753820525016 1.9486315250396729 0
