1753820302402 2.12654447555542 0
1753820305615 2.0086002349853516 1
1753820308993 1.8119661808013916 2
1753820312182 1.7534406185150146 3
1753820315369 1.6818146705627441 4
1753820318543 1.5821621417999268 5
1753820321803 1.4330487251281738 6
1753820324968 1.3921478986740112 7
1753820328145 1.2952476739883423 8
1753820331325 1.240238070487976 9
1753820334877 1.1640647649765015 10
1753820338143 1.2372959852218628 11
1753820341387 1.0742127895355225 12
1753820344750 1.0132687091827393 13
1753820347982 1.009222388267517 14
1753820351216 0.93086177110672 15
1753820354501 0.906952977180481 16
1753820357864 0.8495467305183411 17
1753820361162 0.806198239326477 18
1753820364423 0.7407960891723633 19
1753820367880 0.7279269099235535 20
1753820371269 0.7437677383422852 21
1753820374550 0.7479121685028076 22
1753820377844 0.630704939365387 23
1753820381148 0.6532285213470459 24
1753820384520 0.6427554488182068 25
1753820387801 0.5500265955924988 26
1753820391098 0.6054350733757019 27
1753820394432 0.6178955435752869 28
1753820397818 0.5740568041801453 29
1753820401278 0.5617300271987915 30
1753820404524 0.584906280040741 31
1753820407885 0.5449594259262085 32
1753820411169 0.5114394426345825 33
1753820414492 0.4955287277698517 34
1753820417816 0.4365878105163574 35
1753820421223 0.42034462094306946 36
1753820424555 0.46180737018585205 37
1753820427880 0.46525177359580994 38
1753820431219 0.46860721707344055 39
1753820434820 0.48328208923339844 40
1753820438177 0.44631585478782654 41
1753820441657 0.4261094331741333 42
1753820445159 0.44149407744407654 43
1753820448719 0.3988342881202698 44
1753820452178 0.3839281499385834 45
1753820455619 0.39422351121902466 46
1753820459076 0.386672705411911 47
1753820462607 0.4259311854839325 48
1753820466057 0.40870141983032227 49
1753820469686 0.36419838666915894 50
1753820473250 0.32965075969696045 51
1753820476705 0.34816789627075195 52
1753820480148 0.3858793377876282 53
1753820483608 0.33889973163604736 54
1753820487182 0.31549179553985596 55
1753820490638 0.34936535358428955 56
1753820494024 0.3730442225933075 57
1753820497320 0.3326631188392639 58
1753820500750 0.3168734312057495 59
1753820504254 0.27812689542770386 60
1753820507492 0.3428557515144348 61
1753820510861 0.30976271629333496 62
1753820514232 0.344179630279541 63
1753820517552 0.2864755690097809 64
1753820520845 0.2878178060054779 65
1753820524243 0.33923372626304626 66
1753820527321 0.2944793105125427 67
1753820530681 0.2985743284225464 68
1753820533974 0.3206075429916382 69
1753820537575 0.30726704001426697 70
1753820540907 0.30837348103523254 71
1753820544215 0.27380338311195374 72
1753820547565 0.31215038895606995 73
1753820550979 0.2843126356601715 74
1753820554311 0.28933119773864746 75
1753820557661 0.2757294178009033 76
1753820560974 0.2732049822807312 77
1753820564426 0.28816747665405273 78
1753820567748 0.28672119975090027 79
1753820571282 0.2955623269081116 80
1753820574699 0.296644926071167 81
1753820578237 0.2453663945198059 82
1753820581629 0.24971649050712585 83
1753820585015 0.2751176357269287 84
1753820588482 0.2523292303085327 85
1753820592053 0.26005223393440247 86
1753820595508 0.24377664923667908 87
1753820598953 0.2814817428588867 88
1753820602390 0.24373359978199005 89
1753820606138 0.23239991068840027 90
1753820609574 0.25709423422813416 91
1753820613020 0.22554613649845123 92
1753820616574 0.24077093601226807 93
1753820620027 0.2400408536195755 94
1753820623387 0.24145150184631348 95
1753820626745 0.2084105908870697 96
1753820630191 0.23347562551498413 97
1753820633504 0.22770071029663086 98
1753820636806 0.2655170261859894 99
1753820302402 2.12654447555542 0
