1753818061005 2.1071760654449463 0
1753818066467 1.631283164024353 1
1753818071841 1.4894098043441772 2
1753818077233 1.2378915548324585 3
1753818082716 1.1053853034973145 4
1753818088155 1.049918532371521 5
1753818093698 0.9185568690299988 6
1753818100277 0.8535206317901611 7
1753818107422 0.7900104522705078 8
1753818114603 0.7642000317573547 9
1753818121938 0.7359340786933899 10
1753818129143 0.6796520352363586 11
1753818136582 0.6667670607566833 12
1753818145743 0.6528083086013794 13
1753818154916 0.6443554162979126 14
1753818164281 0.5992965698242188 15
1753818173478 0.586944043636322 16
1753818182748 0.6207827925682068 17
1753818192159 0.5228996872901917 18
1753818201331 0.5115784406661987 19
1753818210690 0.5100865364074707 20
1753818219933 0.48857104778289795 21
1753818227101 0.4620469808578491 22
1753818235911 0.4778456687927246 23
1753818245159 0.47284960746765137 24
1753818254420 0.44065502285957336 25
1753818263613 0.4180384576320648 26
1753818272899 0.411216139793396 27
1753818282344 0.4127504527568817 28
1753818291641 0.41099318861961365 29
1753818301049 0.39344286918640137 30
1753818310332 0.3853684961795807 31
1753818318382 0.38163837790489197 32
1753818326183 0.36597368121147156 33
1753818335407 0.34259191155433655 34
1753818344533 0.3529807925224304 35
1753818353917 0.36195108294487 36
1753818363128 0.325639545917511 37
1753818372623 0.30908676981925964 38
1753818382012 0.2893149256706238 39
1753818391363 0.2968732714653015 40
1753818400717 0.3039281666278839 41
1753818409607 0.28413936495780945 42
1753818416786 0.2882932722568512 43
1753818425909 0.2752097547054291 44
1753818435211 0.2687792181968689 45
1753818444701 0.2877263128757477 46
1753818453935 0.2645888924598694 47
1753818463283 0.27899888157844543 48
1753818472660 0.2696373760700226 49
1753818481886 0.2744443714618683 50
1753818491150 0.24930338561534882 51
1753818500573 0.24381627142429352 52
1753818508080 0.2361619472503662 53
1753818516271 0.23423759639263153 54
1753818525432 0.24246922135353088 55
1753818534961 0.23135823011398315 56
1753818544445 0.2379603534936905 57
1753818553922 0.23518496751785278 58
1753818563614 0.28529152274131775 59
1753818573043 0.22785602509975433 60
1753818582244 0.22574925422668457 61
1753818591584 0.2074909508228302 62
1753818600547 0.20678292214870453 63
1753818607790 0.22666075825691223 64
1753818616745 0.21278166770935059 65
1753818626145 0.20032180845737457 66
1753818635631 0.19623760879039764 67
1753818644778 0.18550702929496765 68
1753818654226 0.1929563283920288 69
1753818663797 0.19574934244155884 70
1753818672834 0.18770259618759155 71
1753818682008 0.1864037662744522 72
1753818691398 0.1949063539505005 73
1753818699180 0.1877911239862442 74
1753818706933 0.18304915726184845 75
1753818716286 0.18428745865821838 76
1753818725552 0.17750036716461182 77
1753818734357 0.17316997051239014 78
1753818741836 0.1754108965396881 79
1753818749652 0.15326106548309326 80
1753818757387 0.17181074619293213 81
1753818764888 0.15839499235153198 82
1753818772636 0.16996318101882935 83
1753818779278 0.15960051119327545 84
1753818785003 0.1648470014333725 85
1753818792372 0.14542420208454132 86
1753818799975 0.16037605702877045 87
1753818807882 0.13516061007976532 88
1753818815253 0.14088214933872223 89
1753818823066 0.15253974497318268 90
1753818830938 0.12832379341125488 91
1753818838341 0.15368559956550598 92
1753818846166 0.13992366194725037 93
1753818853604 0.14451338350772858 94
1753818859226 0.14011961221694946 95
1753818865917 0.12996400892734528 96
1753818873449 0.12780311703681946 97
1753818881269 0.12826916575431824 98
1753818888767 0.13768279552459717 99
1753818061005 2.1071760654449463 0
