1754679778944 2.215608596801758 0
1754679811536 2.1032402515411377 1
1754679844633 2.014162063598633 2
1754679876392 1.915421485900879 3
1754679906522 1.7811001539230347 4
1754679939647 1.7014355659484863 5
1754679974376 1.634093165397644 6
1754680006845 1.552088737487793 7
1754680038658 1.4762907028198242 8
1754680072347 1.4003257751464844 9
1754680107702 1.3327757120132446 10
1754680139698 1.260225772857666 11
1754680171925 1.2066439390182495 12
1754680205550 1.1623437404632568 13
1754680241097 1.085278034210205 14
1754680273246 1.046696662902832 15
1754680305049 0.9872593283653259 16
1754680339613 0.9645897746086121 17
1754680375350 0.9201867580413818 18
1754680407786 0.8736070394515991 19
1754680440593 0.8430159687995911 20
1754680475491 0.8148985505104065 21
1754680511654 0.7882825136184692 22
1754680546358 0.7470830678939819 23
1754680581218 0.7104315757751465 24
1754680615819 0.6878214478492737 25
1754680650146 0.6792658567428589 26
1754680682106 0.6356160640716553 27
1754680714797 0.621466875076294 28
1754680749848 0.5932148694992065 29
1754680785287 0.5856583118438721 30
1754680816242 0.5509710907936096 31
1754680850578 0.5367169380187988 32
1754680884932 0.5155205726623535 33
1754680919451 0.5075627565383911 34
1754680949236 0.482651025056839 35
1754680982551 0.46568742394447327 36
1754681016832 0.44901925325393677 37
1754681051696 0.4213044047355652 38
1754681081951 0.3980211019515991 39
1754681116569 0.40696021914482117 40
1754681152461 0.373274028301239 41
1754681188063 0.37817174196243286 42
1754681218749 0.35440897941589355 43
1754681253180 0.3492794334888458 44
1754681288308 0.33777090907096863 45
1754681323594 0.33778950572013855 46
1754681353482 0.3196415901184082 47
1754681387629 0.3087153136730194 48
1754681422673 0.29244279861450195 49
1754681583824 0.2864231765270233 50
1754681599366 0.2837158739566803 51
1754681616841 0.2764877378940582 52
1754681713811 0.26236969232559204 53
1754681731399 0.254707932472229 54
1754681746302 0.2517681121826172 55
1754681773155 0.24534018337726593 56
1754681790399 0.23520518839359283 57
1754681807935 0.23534779250621796 58
1754681830417 0.22686810791492462 59
1754681882984 0.22295327484607697 60
1754681900440 0.21242345869541168 61
1754681920035 0.20608791708946228 62
1754681936156 0.20595626533031464 63
1754681953699 0.19805847108364105 64
1754682022497 0.2002517431974411 65
1754682040323 0.18001030385494232 66
1754682055452 0.1820104718208313 67
1754682978203 0.1768459528684616 68
1754682996211 0.17013747990131378 69
1754683013735 0.17102017998695374 70
1754683029060 0.16617852449417114 71
1754683046533 0.16535396873950958 72
1754683063980 0.15385094285011292 73
1754683081404 0.14760349690914154 74
1754683096435 0.14961594343185425 75
1754683114478 0.14199404418468475 76
1754683132922 0.13953964412212372 77
1754683151912 0.13239087164402008 78
1754683169320 0.1432018131017685 79
1754683196585 0.13441476225852966 80
1754684290858 0.13510718941688538 81
1754684307813 0.12826669216156006 82
1754684323434 0.13037419319152832 83
1754684340623 0.12909111380577087 84
1754684357818 0.12245102971792221 85
1754684374307 0.12307224422693253 86
1754684389512 0.12349012494087219 87
1754684406686 0.11587832868099213 88
1754684424480 0.1107570007443428 89
1754684442277 0.11277290433645248 90
1754684459271 0.10806635767221451 91
1754684478028 0.11200245469808578 92
1754684497299 0.10062442719936371 93
1754684515889 0.10555114597082138 94
1754684539014 0.10050061345100403 95
1754685096452 0.10007233172655106 96
1754685114622 0.09882515668869019 97
1754685131272 0.09241266548633575 98
1754685147242 0.09330904483795166 99
1754685164596 0.08941686153411865 100
1754685181792 0.08752015233039856 101
1754685198956 0.08656232804059982 102
1754685214144 0.08053971827030182 103
1754685235117 0.08291062712669373 104
1754685255563 0.08117843419313431 105
1754685276149 0.0874781608581543 106
1754685294083 0.08998944610357285 107
1754685314787 0.08120830357074738 108
1754685334967 0.07950380444526672 109
1754685355521 0.07656992226839066 110
1754685373421 0.07976111024618149 111
1754685391559 0.07630766183137894 112
