1753833370202 2.2170796394348145 0
1753833384354 2.1098363399505615 1
1753833398986 2.067067861557007 2
1753833413305 1.9567818641662598 3
1753833427637 1.8800866603851318 4
1753833441921 1.7984776496887207 5
1753833456348 1.7385084629058838 6
1753833470571 1.6711745262145996 7
1753833484840 1.5725915431976318 8
1753833498979 1.531738042831421 9
1753833513673 1.4816967248916626 10
1753833527972 1.4562242031097412 11
1753833542371 1.3888238668441772 12
1753833556743 1.3233702182769775 13
1753833571100 1.2662752866744995 14
1753833585400 1.213648796081543 15
1753833599453 1.1916923522949219 16
1753833613754 1.2077000141143799 17
1753833627825 1.1280630826950073 18
1753833642133 1.1231495141983032 19
1753833656653 1.0988318920135498 20
1753833671069 1.0442448854446411 21
1753833685465 1.0200103521347046 22
1753833699975 0.9933013916015625 23
1753833714566 0.9946708679199219 24
1753833729079 0.9890886545181274 25
1753833743501 0.9818000793457031 26
1753833757826 0.9479387998580933 27
1753833772175 0.9308091402053833 28
1753833786376 0.9023882150650024 29
1753833800882 0.8916150331497192 30
1753833815076 0.8946387767791748 31
1753833829319 0.8333025574684143 32
1753833843348 0.8223778605461121 33
1753833857543 0.7968709468841553 34
1753833871704 0.7595987319946289 35
1753833885932 0.7587118148803711 36
1753833900290 0.7509759664535522 37
1753833914534 0.7354118227958679 38
1753833928889 0.727393627166748 39
1753833943413 0.7144383192062378 40
1753833957748 0.7445667386054993 41
1753833971943 0.7011202573776245 42
1753833986158 0.7040944695472717 43
1753834000451 0.6830468773841858 44
1753834014717 0.6714243292808533 45
1753834028838 0.6799649596214294 46
1753834042971 0.6471222639083862 47
1753834057133 0.6445170044898987 48
1753834071275 0.6342391967773438 49
1753834088887 0.6080100536346436 50
1753834106238 0.6138814687728882 51
1753834123856 0.5936414003372192 52
1753834141215 0.5845946669578552 53
1753834158813 0.5807827115058899 54
1753834176307 0.5703741908073425 55
1753834193923 0.5652204155921936 56
1753834211444 0.5577171444892883 57
1753834228432 0.5469153523445129 58
1753834245925 0.5383902788162231 59
1753834263396 0.5339223742485046 60
1753834281106 0.5289285182952881 61
1753834300818 0.5175232291221619 62
1753834318708 0.5050355792045593 63
1753834337587 0.4948786795139313 64
1753834360589 0.5159634947776794 65
1753834382702 0.4929690361022949 66
1753834404805 0.4768018126487732 67
1753834427824 0.47294315695762634 68
1753834449657 0.46446293592453003 69
1753834471199 0.46952709555625916 70
1753834492449 0.4640870988368988 71
1753834513579 0.4534825086593628 72
1753834534537 0.4462145268917084 73
1753834556322 0.44047561287879944 74
1753834576821 0.4341032803058624 75
1753834596795 0.43424487113952637 76
1753834617261 0.42784520983695984 77
1753834637192 0.43446460366249084 78
1753834657267 0.4302120506763458 79
1753834676610 0.4254545569419861 80
1753834694560 0.42754602432250977 81
1753834709093 0.4090324938297272 82
1753834721555 0.4122449457645416 83
1753834734551 0.40868309140205383 84
1753834748576 0.4052554965019226 85
1753834762961 0.40266475081443787 86
1753834780002 0.39637118577957153 87
1753834797638 0.3906489908695221 88
1753834858971 0.39283084869384766 89
1753834876773 0.38503557443618774 90
1753834894195 0.37983283400535583 91
1753834911822 0.3794618248939514 92
1753834942948 0.38041114807128906 93
1753835126289 0.36729106307029724 94
1753835212871 0.3784215450286865 95
1753835369943 0.37299859523773193 96
1753835419211 0.3559591472148895 97
1753835516442 0.35601097345352173 98
1753835627588 0.3519228994846344 99
1753833370202 2.2170796394348145 0
