1753820777062 2.2023439407348633 0
1753820781429 2.0361404418945312 1
1753820786250 1.932416558265686 2
1753820790681 1.80023992061615 3
1753820795112 1.6760056018829346 4
1753820799533 1.6030466556549072 5
1753820804051 1.5335488319396973 6
1753820808501 1.4162719249725342 7
1753820812999 1.3409427404403687 8
1753820817527 1.271599292755127 9
1753820822298 1.2065426111221313 10
1753820826790 1.1738636493682861 11
1753820831253 1.0839004516601562 12
1753820835828 1.0304802656173706 13
1753820840309 0.9906711578369141 14
1753820844819 0.9639303684234619 15
1753820849413 0.9376310110092163 16
1753820853904 0.8984807133674622 17
1753820858364 0.8584738969802856 18
1753820862885 0.8420292735099792 19
1753820867714 0.8118867874145508 20
1753820872252 0.7884436249732971 21
1753820876750 0.7635181546211243 22
1753820881264 0.7449637055397034 23
1753820885816 0.7147480845451355 24
1753820890386 0.6935704350471497 25
1753820894927 0.7006406188011169 26
1753820899625 0.6474278569221497 27
1753820904122 0.6481015086174011 28
1753820908692 0.6239228844642639 29
1753820913399 0.6218933463096619 30
1753820918025 0.6116053462028503 31
1753820922521 0.5922917723655701 32
1753820927050 0.586355984210968 33
1753820931640 0.5664185881614685 34
1753820936288 0.5507703423500061 35
1753820940863 0.5436104536056519 36
1753820945422 0.5328029990196228 37
1753820950032 0.5281797051429749 38
1753820954555 0.5232870578765869 39
1753820959212 0.5150841474533081 40
1753820963796 0.49475523829460144 41
1753820968280 0.49487510323524475 42
1753820972852 0.48024633526802063 43
1753820977342 0.48997631669044495 44
1753820981908 0.47339364886283875 45
1753820986536 0.4790956974029541 46
1753820991068 0.4588819146156311 47
1753820995577 0.4636060297489166 48
1753821000181 0.4593827426433563 49
1753821004869 0.4420251250267029 50
1753821009501 0.4324464201927185 51
1753821014328 0.42994803190231323 52
1753821019076 0.42789265513420105 53
1753821023668 0.4346509575843811 54
1753821028166 0.4259258806705475 55
1753821032752 0.4133225977420807 56
1753821037240 0.4104534387588501 57
1753821041863 0.4063919186592102 58
1753821046401 0.3982889652252197 59
1753821051181 0.39725741744041443 60
1753821055830 0.39620062708854675 61
1753821060336 0.38532933592796326 62
1753821064914 0.3810550570487976 63
1753821069448 0.3759012222290039 64
1753821073941 0.38656190037727356 65
1753821078444 0.3754744529724121 66
1753821083060 0.36786988377571106 67
1753821087579 0.36949777603149414 68
1753821092124 0.36118462681770325 69
1753821096913 0.3566794991493225 70
1753821101459 0.3586162328720093 71
1753821105954 0.34616926312446594 72
1753821110441 0.34356144070625305 73
1753821115046 0.3425913155078888 74
1753821119548 0.3397025167942047 75
1753821124059 0.3360078036785126 76
1753821128574 0.33465665578842163 77
1753821133184 0.33398813009262085 78
1753821137704 0.33818066120147705 79
1753821142403 0.33339715003967285 80
1753821146983 0.32757294178009033 81
1753821151580 0.3157791793346405 82
1753821156065 0.3266487419605255 83
1753821160466 0.3204003870487213 84
1753821165203 0.31817626953125 85
1753821169719 0.3237168788909912 86
1753821174222 0.3183095157146454 87
1753821178822 0.3073725998401642 88
1753821183348 0.3092092275619507 89
1753821188028 0.3071821331977844 90
1753821192584 0.3066931962966919 91
1753821197234 0.3034001886844635 92
1753821201794 0.3020065724849701 93
1753821206336 0.3046519458293915 94
1753821210909 0.30120959877967834 95
1753821215532 0.3019166886806488 96
1753821220078 0.2886628806591034 97
1753821224654 0.2907242774963379 98
1753821229307 0.2940736413002014 99
1753820777062 2.2023439407348633 0
