1754912648705 2.2349298000335693 0
1754912660339 2.1654484272003174 1
1754912671803 2.128110408782959 2
1754912683602 2.015061378479004 3
1754912695270 1.9663856029510498 4
1754912707237 1.892307996749878 5
1754912718835 1.864369511604309 6
1754912730428 1.8083914518356323 7
1754912742084 1.6998510360717773 8
1754912753792 1.7041265964508057 9
1754912765533 1.6118972301483154 10
1754912777210 1.6023796796798706 11
1754912788996 1.5444592237472534 12
1754912800963 1.5209437608718872 13
1754912813008 1.47201406955719 14
1754912824779 1.4158668518066406 15
1754912836368 1.3793208599090576 16
1754912847853 1.3460949659347534 17
1754913972457 1.2733176946640015 18
1754913983829 1.251990556716919 19
1754913995539 1.2100716829299927 20
1754914009705 1.2017381191253662 21
1754914023663 1.1560086011886597 22
1754914037542 1.0955419540405273 23
1754914052100 1.0870448350906372 24
1754914066617 1.0397108793258667 25
1754914081225 1.0462889671325684 26
1754915006627 0.9973803162574768 27
1754918007469 0.9712113738059998 28
1754920646419 0.9303882718086243 29
1754923401729 0.933408260345459 30
1754925020468 0.914773166179657 31
1754927167075 0.898139238357544 32
1754929639816 0.8517286777496338 33
1754932327597 0.8493578433990479 34
1754934277518 0.8238773345947266 35
1754934473120 0.7904523015022278 36
1754934487931 0.7791886925697327 37
1754934502602 0.7591482400894165 38
1754934517111 0.7292835712432861 39
1754934531663 0.7246321439743042 40
1754934545823 0.6795974969863892 41
1754934559870 0.6745203137397766 42
1754934572262 0.6488574147224426 43
1754934586883 0.6237410306930542 44
1754934601135 0.6239827275276184 45
1754934615275 0.6076726317405701 46
1754934629284 0.587546706199646 47
1754934643406 0.556606650352478 48
1754934657493 0.5428775548934937 49
1754934671363 0.5137912631034851 50
1754934685373 0.5111331939697266 51
1754934699267 0.4980603754520416 52
1754934713514 0.4837842285633087 53
1754934727392 0.4606407582759857 54
1754934741549 0.4544302523136139 55
1754934755412 0.44632425904273987 56
1754934769340 0.4313211441040039 57
1754934783389 0.41707199811935425 58
1754934797387 0.3968164920806885 59
1754934811331 0.3939109742641449 60
1754934825327 0.3658638596534729 61
1754934839338 0.3565889894962311 62
1754934853176 0.35282793641090393 63
1754934867172 0.34020471572875977 64
1754934880973 0.34484338760375977 65
1754934894874 0.31796732544898987 66
1754934908760 0.3218894302845001 67
1754934922723 0.29879504442214966 68
1754934936557 0.291776567697525 69
1754934950467 0.2857319712638855 70
1754934964303 0.28092488646507263 71
1754934978098 0.2724207639694214 72
1754934991932 0.2566204369068146 73
1754935005720 0.2442096620798111 74
1754935019707 0.2478395700454712 75
1754935033593 0.2503054141998291 76
1754935047522 0.22798162698745728 77
1754935061436 0.2390362024307251 78
1754935075568 0.24204397201538086 79
1754935089514 0.22917817533016205 80
1754935103460 0.20751798152923584 81
1754935117505 0.2004552036523819 82
1754935131364 0.20385685563087463 83
1754935145219 0.190267875790596 84
1754935159012 0.1911381334066391 85
1754937155378 0.18085220456123352 86
1754937807055 0.19221051037311554 87
1754937823493 0.18526096642017365 88
1754937837331 0.16975505650043488 89
1754937851244 0.1744339019060135 90
1754937865100 0.16244050860404968 91
1754937879137 0.17428971827030182 92
1754937893234 0.15658779442310333 93
1754937907353 0.14958620071411133 94
1754937921511 0.15633095800876617 95
1754937935890 0.14297138154506683 96
1754937950218 0.13847285509109497 97
1754937964118 0.14937663078308105 98
1754937978341 0.14308466017246246 99
1754937992518 0.1396586000919342 100
1754938006912 0.13588924705982208 101
1754938021077 0.13033075630664825 102
1754938035577 0.13458681106567383 103
1754938049880 0.11910846084356308 104
1754938064125 0.11149872094392776 105
1754938078381 0.1312416046857834 106
1754938092521 0.11930713802576065 107
1754938106554 0.11169635504484177 108
1754938120890 0.1076870709657669 109
1754938135260 0.11453020572662354 110
1754938149775 0.10557594150304794 111
1754938164153 0.10278300195932388 112
1754938178578 0.09505738317966461 113
1754938192863 0.10775421559810638 114
1754938206847 0.09885359555482864 115
1754938221199 0.10076846927404404 116
1754941218632 0.09909766912460327 117
1754944368666 0.09780793637037277 118
1754945492337 0.09369632601737976 119
1754945839537 0.09512089192867279 120
1754945937039 0.09082337468862534 121
1754946050163 0.09708839654922485 122
1754946129027 0.08419664204120636 123
1754946158837 0.08757351338863373 124
1754946199667 0.08386573940515518 125
1754946281012 0.06964076310396194 126
1754948237781 0.08684487640857697 127
1754949329156 0.07847831398248672 128
1754950073488 0.07599464058876038 129
1754950120620 0.07299135625362396 130
1754950276676 0.09265006333589554 131
1754950313100 0.07905372232198715 132
1754950390613 0.07695358991622925 133
1754950975091 0.07515081018209457 134
1754953032378 0.07235365360975266 135
1754956077142 0.07412267476320267 136
1754959112844 0.07249238342046738 137
1754961167692 0.0706605613231659 138
1754964246345 0.06810251623392105 139
1754967200290 0.06881508231163025 140
1754970033069 0.06873063743114471 141
1754971912015 0.06152404099702835 142
1754974770556 0.06754403561353683 143
1754977683171 0.062155548483133316 144
1754979839595 0.0569155253469944 145
1754982063172 0.06519507616758347 146
1754985142264 0.0659126415848732 147
1754987062196 0.07199086248874664 148
1754989912174 0.06842142343521118 149
1754992878289 0.05775774270296097 150
1754995322475 0.06146649643778801 151
1754998392524 0.05341515690088272 152
1755000460719 0.06244678422808647 153
1755002584755 0.05433189123868942 154
1755005569675 0.06427394598722458 155
1755007398774 0.05366555601358414 156
1755009020848 0.051851388067007065 157
1755009468629 0.05135611072182655 158
1755009898944 0.05658221244812012 159
1755010194281 0.0538511723279953 160
1755010638056 0.05002651363611221 161
1755012126490 0.05980214476585388 162
1755013963716 0.04890907183289528 163
1755015004529 0.05620948225259781 164
1755017805244 0.05542024224996567 165
1755019707409 0.05801956728100777 166
1755021708880 0.04827895015478134 167
1755024279686 0.04742523655295372 168
1755026493800 0.06220906227827072 169
1755027333431 0.04555295780301094 170
1755029518117 0.05915156006813049 171
1755032085527 0.04921284690499306 172
1755033299352 0.05069434270262718 173
1755036375068 0.043520260602235794 174
1755037694099 0.044499825686216354 175
1755037760634 0.04199686646461487 176
1755037778683 0.04880689084529877 177
1755037974960 0.04104389622807503 178
1755038037241 0.044485945254564285 179
1755038051206 0.04082135856151581 180
1755040139497 0.038980402052402496 181
1755042120737 0.038887377828359604 182
1755044796468 0.03998082876205444 183
1755045176861 0.04814833775162697 184
1755045191512 0.03952338919043541 185
1755045205901 0.04962752014398575 186
1755046232471 0.03828662633895874 187
1755046246494 0.04080416262149811 188
1755046260354 0.03949679434299469 189
1755046274323 0.03151988983154297 190
1755046288190 0.04054877161979675 191
1755046302168 0.03574855253100395 192
1755046316094 0.03929572552442551 193
1755046330041 0.037259846925735474 194
1755046343998 0.04753229022026062 195
1755046357867 0.038123589009046555 196
1755046371848 0.033605825155973434 197
1755047325351 0.031038885936141014 198
1755047339273 0.03995724394917488 199
1755047353180 0.03221210837364197 200
1755047367193 0.042078737169504166 201
1755047381142 0.03922796621918678 202
1755047395141 0.0313824899494648 203
1755047409053 0.03772502765059471 204
1755047423121 0.03103877417743206 205
1755047437119 0.03310317546129227 206
1755047451063 0.03774901479482651 207
1755047465170 0.029946669936180115 208
1755047479002 0.031831931322813034 209
1755047492992 0.02720833569765091 210
1755047506828 0.03420276567339897 211
1755047521163 0.035564158111810684 212
1755047535756 0.029885821044445038 213
1755047558086 0.04425431415438652 214
1755048514033 0.030972985550761223 215
1755048528002 0.03243397921323776 216
1755048541855 0.03578261286020279 217
1755048555984 0.03184280917048454 218
1755048569798 0.028504662215709686 219
1755048583699 0.029482290148735046 220
1755048597657 0.02751220017671585 221
1755048611559 0.03467506170272827 222
1755048625526 0.02876681461930275 223
1755048639465 0.028758971020579338 224
1755048653599 0.033079564571380615 225
1755048667697 0.02644290030002594 226
1755048682649 0.02971007488667965 227
1755048700331 0.027261100709438324 228
1755049651453 0.024067798629403114 229
1755049665381 0.023117953911423683 230
1755049679324 0.02775958552956581 231
1755049693320 0.02545851096510887 232
1755049707227 0.026768511161208153 233
1755049721233 0.028227578848600388 234
1755049735207 0.02758639305830002 235
1755049749370 0.03097054362297058 236
1755049763426 0.028951289132237434 237
1755049777551 0.024823129177093506 238
1755049791604 0.023529453203082085 239
1755049805876 0.030555659905076027 240
1755049820808 0.030816523358225822 241
1755049841708 0.026551736518740654 242
1755050792803 0.02581849694252014 243
1755050807044 0.023592408746480942 244
1755050821401 0.023676646873354912 245
1755050835633 0.024981575086712837 246
1755050849917 0.02406367100775242 247
1755050864087 0.024402325972914696 248
1755050878391 0.023372791707515717 249
1755050892610 0.03421929106116295 250
1755050906948 0.01912732981145382 251
1755050921550 0.02652323804795742 252
1755050936846 0.023569423705339432 253
1755050955632 0.027267789468169212 254
1755051892291 0.02410021610558033 255
1755051906592 0.02364390529692173 256
1755051920884 0.027525519952178 257
1755051935194 0.021304162219166756 258
1755051949435 0.025310397148132324 259
1755051963725 0.02009815163910389 260
1755051977947 0.02171333320438862 261
1755051992258 0.020333776250481606 262
1755052006469 0.021253885701298714 263
1755052020796 0.019520724192261696 264
1755052035729 0.023965196684002876 265
1755052053592 0.02068915218114853 266
1755052458464 0.019975531846284866 267
1755052472382 0.026412997394800186 268
1755052486338 0.02205764316022396 269
1755052500268 0.018450766801834106 270
1755053429078 0.02420547977089882 271
1755053443212 0.019563300535082817 272
1755053457461 0.024519244208931923 273
1755053471583 0.02057832106947899 274
1755053485847 0.019978448748588562 275
1755053499920 0.021720746532082558 276
1755053513959 0.02396203577518463 277
1755053527862 0.020576657727360725 278
1755053541861 0.024707337841391563 279
1755053556037 0.02300695888698101 280
1755053571253 0.01873255893588066 281
1755053591109 0.019095638766884804 282
1755054552049 0.02028004080057144 283
1755054566333 0.020241372287273407 284
1755054580507 0.02035265974700451 285
1755054594815 0.018524181097745895 286
1755054608995 0.026175804436206818 287
1755054623242 0.018934020772576332 288
1755054637405 0.019719937816262245 289
1755054651672 0.02907259203493595 290
1755054665925 0.022110603749752045 291
1755054680271 0.018275387585163116 292
1755054695326 0.01860760897397995 293
1755054715035 0.018033180385828018 294
1755055690649 0.01833920180797577 295
1755055704817 0.022559918463230133 296
1755055719040 0.020829008892178535 297
1755055733182 0.01902417466044426 298
1755055747469 0.01760534942150116 299
1755055761593 0.028539694845676422 300
1755055775846 0.025628995150327682 301
1755055789978 0.027146795764565468 302
1755055804203 0.017812946811318398 303
1755055818697 0.019397534430027008 304
1755055833930 0.018319476395845413 305
1755055853803 0.017906291410326958 306
1755056858852 0.015652887523174286 307
1755056873031 0.016858913004398346 308
1755056887154 0.014806837774813175 309
1755056901399 0.018920058384537697 310
1755056915588 0.022853165864944458 311
1755056929880 0.01752578839659691 312
1755056944109 0.02235814742743969 313
1755056958403 0.018324006348848343 314
1755056972753 0.018833685666322708 315
1755056987243 0.017799556255340576 316
1755057002510 0.019478200003504753 317
1755057021516 0.01751970686018467 318
1755057818876 0.017782732844352722 319
1755057833158 0.02353851869702339 320
1755057847467 0.015565238893032074 321
1755057861683 0.01682327687740326 322
1755057876026 0.016521520912647247 323
1755057890287 0.015772830694913864 324
1755057904651 0.01895826682448387 325
1755057918958 0.017486536875367165 326
1755057933236 0.015043730847537518 327
1755057948295 0.016806047409772873 328
1755057966741 0.015772124752402306 329
1755058466483 0.018777351826429367 330
1755058480468 0.017046481370925903 331
1755058494510 0.01636260189116001 332
1755058869345 0.01722399890422821 333
1755058883447 0.015669556334614754 334
1755058897389 0.019123733043670654 335
1755059212237 0.02072002738714218 336
1755059226411 0.013426139019429684 337
1755059240763 0.0164656862616539 338
1755059255084 0.01807558350265026 339
1755059269326 0.014530530199408531 340
1755059283670 0.013857944868505001 341
1755059297950 0.015204180963337421 342
1755059312290 0.01609225943684578 343
1755059326597 0.016977988183498383 344
1755059341404 0.014829718507826328 345
1755059357584 0.015287690795958042 346
1755059680001 0.01848577708005905 347
1755059694001 0.015730759128928185 348
1755059708022 0.014396642334759235 349
1755060022700 0.015205050818622112 350
1755060036763 0.017470072954893112 351
1755060050786 0.014557513408362865 352
1755060064747 0.02081570401787758 353
1755061108712 0.014029276557266712 354
1755061122951 0.013260502368211746 355
1755061137218 0.013139151968061924 356
1755061151444 0.013538718223571777 357
1755061165784 0.012589848600327969 358
1755061180078 0.0164420697838068 359
1755061194471 0.015787506476044655 360
1755061208770 0.013139932416379452 361
1755061223229 0.014099741354584694 362
1755061237622 0.0149563979357481 363
1755061252143 0.013753391802310944 364
1755061267289 0.014624858275055885 365
1755061282778 0.012374852783977985 366
1755061298548 0.011530405841767788 367
1755061320719 0.01430472731590271 368
1755062258602 0.014448612928390503 369
1755062272808 0.013736763037741184 370
1755062287134 0.012262169271707535 371
1755062301359 0.011979003436863422 372
1755062315663 0.014316688291728497 373
1755062329842 0.01756097935140133 374
1755062344158 0.011284098960459232 375
1755062358542 0.012698853388428688 376
1755062372854 0.015753064304590225 377
1755062387214 0.012397555634379387 378
1755062402111 0.021634623408317566 379
1755062417478 0.013460269197821617 380
1755062433033 0.0125624630600214 381
1755062451814 0.010695980861783028 382
1755063470055 0.011493906378746033 383
1755063484302 0.013345293700695038 384
1755063498421 0.01332768239080906 385
1755063512635 0.013082402758300304 386
1755063526816 0.013661809265613556 387
1755063540905 0.012808115221560001 388
1755063555137 0.012975375168025494 389
1755063569264 0.011836349964141846 390
1755063583473 0.013132456690073013 391
1755063597660 0.01194080337882042 392
1755063611968 0.011478770524263382 393
1755063626778 0.015114206820726395 394
1755063642021 0.015684327110648155 395
1755063657450 0.012136820703744888 396
1755063678361 0.014087536372244358 397
1755064665538 0.015094012953341007 398
1755064679697 0.011104940436780453 399
1755064693863 0.012881861999630928 400
1755065729901 0.016354871913790703 401
1755065743810 0.013511553406715393 402
1755065757734 0.01736532896757126 403
1755065771878 0.010953741148114204 404
1755065785969 0.018274478614330292 405
1755065800183 0.018257049843668938 406
1755065814256 0.019655073061585426 407
1755065828441 0.010930835269391537 408
1755065842519 0.012867256067693233 409
1755065856800 0.012276087887585163 410
1755065870980 0.013754870742559433 411
1755065885088 0.015260235406458378 412
1755065899883 0.01790659688413143 413
1755065914988 0.01153862290084362 414
1755065930649 0.019591836258769035 415
1755065946590 0.01519341766834259 416
1755065962325 0.013582129962742329 417
1755065986538 0.01173312682658434 418
1755066568423 0.01883579045534134 419
1755066582603 0.011470900848507881 420
1755066596785 0.012532537803053856 421
1755067511717 0.020935602486133575 422
1755067525927 0.01158933062106371 423
1755067540141 0.015550020150840282 424
1755067554303 0.014076828956604004 425
1755067568559 0.013468046672642231 426
1755067582784 0.011439159512519836 427
1755067597063 0.011387069709599018 428
1755067611387 0.015186070464551449 429
1755067625763 0.013923765160143375 430
1755067640102 0.01391356997191906 431
1755067654528 0.01236602384597063 432
1755067669289 0.012906674295663834 433
1755067684636 0.011453144252300262 434
1755067700189 0.01308451034128666 435
1755067716161 0.014363097958266735 436
1755067735585 0.012486239895224571 437
1755068657252 0.01226424053311348 438
1755068671469 0.012050187215209007 439
1755068685623 0.01087094098329544 440
1755068699821 0.011818494647741318 441
1755068713899 0.012408669106662273 442
1755068728155 0.018653349950909615 443
1755068742292 0.012136298231780529 444
1755068756603 0.01235357578843832 445
1755068770752 0.011806800030171871 446
1755068784998 0.0161882434040308 447
1755068799367 0.010146304033696651 448
1755068814274 0.013797142542898655 449
1755068829673 0.011185944080352783 450
1755068845187 0.01393553614616394 451
1755068865733 0.009665449149906635 452
1755069783785 0.013008395209908485 453
1755069797780 0.010229199193418026 454
1755069811927 0.014734926633536816 455
1755069826206 0.011336509138345718 456
1755069840313 0.010987035930156708 457
1755069854508 0.012397022917866707 458
1755069868655 0.01145040150731802 459
1755069882959 0.01137511245906353 460
1755069897239 0.010553323663771152 461
1755069911379 0.012614569626748562 462
1755069925816 0.01270259264856577 463
1755069941042 0.00990111194550991 464
1755069956553 0.009890712797641754 465
1755069973250 0.017704306170344353 466
1755070957579 0.009263359010219574 467
1755070971826 0.009032436646521091 468
1755070986180 0.012011490762233734 469
1755071000353 0.011051292531192303 470
1755071014619 0.010544167831540108 471
1755071028904 0.01181489322334528 472
1755071043136 0.009517192840576172 473
1755071057475 0.011630724184215069 474
1755071071732 0.010517287068068981 475
1755071086116 0.009628922678530216 476
1755071101215 0.00958938430994749 477
1755071116871 0.009077653288841248 478
1755071137434 0.00889471173286438 479
1755072075147 0.00832471065223217 480
1755072089459 0.010519375093281269 481
1755072103811 0.010053212754428387 482
1755072118108 0.009786294773221016 483
1755072132412 0.009624477475881577 484
1755072146668 0.010767338797450066 485
1755072160882 0.008644922636449337 486
1755072175127 0.008357579819858074 487
1755072189345 0.012020744383335114 488
1755072203821 0.010132329538464546 489
1755072219239 0.009943977929651737 490
1755072237853 0.009711768478155136 491
1755073204542 0.016889601945877075 492
1755073218756 0.008198373951017857 493
1755073232893 0.011188196949660778 494
1755073247142 0.008829109370708466 495
1755073261374 0.007632920052856207 496
1755073275523 0.010011712089180946 497
1755073289720 0.011102971620857716 498
1755073303915 0.010528710670769215 499
1755073318210 0.008435379713773727 500
1755073332552 0.007576521020382643 501
1755073347740 0.009920448996126652 502
1755073363157 0.015193396247923374 503
1755074345915 0.008407849818468094 504
1755074360132 0.00837619323283434 505
1755074374424 0.013306381180882454 506
1755074388521 0.009267507120966911 507
1755074402786 0.009557598270475864 508
1755074416979 0.009282507002353668 509
1755074431196 0.009008894674479961 510
1755074445434 0.008407044224441051 511
1755074459684 0.008707502856850624 512
1755074473975 0.008478667587041855 513
1755074489055 0.0088869733735919 514
1755074504704 0.00860707275569439 515
1755075511667 0.008486341685056686 516
1755075525823 0.009652324952185154 517
1755075539730 0.007420963607728481 518
1755075553969 0.009206241928040981 519
1755075568335 0.010081649757921696 520
1755075582588 0.013156723231077194 521
1755075597006 0.00923269335180521 522
1755075611375 0.008639371022582054 523
1755075625721 0.011097370646893978 524
1755075640031 0.008123387582600117 525
1755075654678 0.015483202412724495 526
1755075670026 0.008615515194833279 527
1755075690099 0.007175670471042395 528
1755076609355 0.007093008141964674 529
1755076623700 0.009081237949430943 530
1755076637901 0.0068022035993635654 531
1755076652258 0.00880786869674921 532
1755076666607 0.006903717294335365 533
1755076680837 0.008247504942119122 534
1755076695157 0.00764942541718483 535
1755076709421 0.008295259438455105 536
1755076723769 0.009053091518580914 537
1755076738125 0.010111324489116669 538
1755076753278 0.017763808369636536 539
1755076768962 0.010849375277757645 540
1755077862427 0.006940072868019342 541
1755077876995 0.007716502528637648 542
1755077891286 0.010493917390704155 543
1755077905500 0.009486381895840168 544
1755077919819 0.009287551045417786 545
1755077934068 0.008658651262521744 546
1755077948290 0.009997309185564518 547
1755078172449 0.006991096772253513 548
1755078186632 0.00815643835812807 549
1755078200869 0.00759565643966198 550
1755078215045 0.010087370872497559 551
1755078229317 0.007756040897220373 552
1755078243506 0.010131034068763256 553
1755078257757 0.00847454834729433 554
1755078271967 0.009383232332766056 555
1755078286323 0.013628293760120869 556
1755078301395 0.007774637080729008 557
1755078316864 0.007960524410009384 558
1755079324856 0.00836609024554491 559
1755079339329 0.007980721071362495 560
1755079353600 0.008344749920070171 561
1755079367752 0.014824045822024345 562
1755079382024 0.00778008159250021 563
1755079396224 0.006740834563970566 564
1755079410492 0.027301982045173645 565
1755079424705 0.00915660709142685 566
1755079438981 0.011454598046839237 567
1755079453156 0.011362896300852299 568
1755079467433 0.007157512474805117 569
1755079482251 0.007259116508066654 570
1755079497487 0.007096459157764912 571
1755079513130 0.008533839136362076 572
1755079535684 0.008666669949889183 573
1755080455759 0.010153906419873238 574
1755080470001 0.006780462339520454 575
1755080484375 0.008801335468888283 576
1755080498637 0.00878213346004486 577
1755080513013 0.010034091770648956 578
1755080527286 0.008294601924717426 579
1755080541668 0.011958422139286995 580
1755080556026 0.007381896488368511 581
1755080570389 0.007811577990651131 582
1755080584757 0.007105570286512375 583
1755080599879 0.008596195839345455 584
1755080615478 0.007725744042545557 585
1755080631159 0.006701318081468344 586
1755080654597 0.008843251504004002 587
1755080879560 0.009820264764130116 588
1755080893946 0.008264116942882538 589
1755080908267 0.0077569191344082355 590
1755081829306 0.009139500558376312 591
1755081843373 0.007043123245239258 592
1755081857721 0.007362324744462967 593
1755081871979 0.009363415651023388 594
1755081886133 0.0063443598337471485 595
1755081900387 0.006985194981098175 596
1755081914570 0.008116376586258411 597
1755081928796 0.009617391042411327 598
1755081942990 0.010356391780078411 599
1755081957326 0.007344523444771767 600
1755081971935 0.013130012899637222 601
1755081987352 0.00950875598937273 602
1755082003134 0.008757245726883411 603
1755082023470 0.01071294117718935 604
1755083045618 0.016017232090234756 605
1755083059828 0.008753645233809948 606
1755083074179 0.008478453382849693 607
1755083088413 0.007993195205926895 608
1755083102729 0.013113504275679588 609
1755083117028 0.010574565269052982 610
1755083131350 0.007767678238451481 611
1755083145651 0.006112219765782356 612
1755083160045 0.010950133204460144 613
1755083174386 0.007419634144753218 614
1755083189093 0.009474596939980984 615
1755083204153 0.007654564920812845 616
1755083219808 0.006526137702167034 617
1755083235529 0.007911469787359238 618
1755083258480 0.007116586435586214 619
1755084313239 0.007012349087744951 620
1755084327497 0.007157973479479551 621
1755084341747 0.00661341892555356 622
1755084356043 0.007285106927156448 623
1755084370342 0.007485171314328909 624
1755084384553 0.005992656573653221 625
1755084398831 0.007244778331369162 626
1755084413007 0.007908470928668976 627
1755084427264 0.007036715280264616 628
1755084441600 0.006719049997627735 629
1755084456288 0.006496460642665625 630
1755084471565 0.006328921765089035 631
1755084486990 0.006852405611425638 632
1755084502851 0.007467793766409159 633
1755085455927 0.007395240943878889 634
1755085470512 0.006321999244391918 635
1755085484701 0.008690803311765194 636
1755085498980 0.012881716713309288 637
1755085513165 0.006601483095437288 638
1755085527397 0.0071342880837619305 639
1755085541548 0.006755868438631296 640
1755085555820 0.007253303658217192 641
1755085570046 0.008098394609987736 642
1755085584255 0.008926252834498882 643
1755085599024 0.006730986293405294 644
1755085614516 0.008007497526705265 645
1755085630114 0.009298279881477356 646
1755085653337 0.006707446649670601 647
1755087718455 0.006988371256738901 648
1755090156130 0.006238993257284164 649
1755093196294 0.007052387576550245 650
1755095195339 0.008039850741624832 651
1755098127375 0.0062049441039562225 652
1755101093621 0.0072555639781057835 653
1755102968690 0.006722052115947008 654
1755105934124 0.010647253133356571 655
1755108909056 0.007456829305738211 656
1755110364572 0.007220923900604248 657
1755112415161 0.008988747373223305 658
1755114497165 0.006033740937709808 659
1755116437977 0.005766947753727436 660
1755119615926 0.007803383283317089 661
1755122580883 0.006210894789546728 662
1755125234638 0.00646966602653265 663
1755125740562 0.007251271512359381 664
1755128682150 0.005830994341522455 665
1755131138028 0.006388873793184757 666
1755133637971 0.007142751943320036 667
1755136569131 0.006747687701135874 668
1755139521037 0.005441674962639809 669
1755140945789 0.006372680887579918 670
1755143945958 0.006267615128308535 671
1755146968861 0.00602226797491312 672
1755149211507 0.006269810255616903 673
1755151137511 0.008062769658863544 674
1755154173415 0.005896285176277161 675
1755156300404 0.007248021196573973 676
1755159336271 0.005993816070258617 677
1755162377147 0.006605152040719986 678
1755164673862 0.005666816141456366 679
1755166596759 0.0060439943335950375 680
1755169471799 0.0061724381521344185 681
1755171714411 0.006087673362344503 682
1755174407559 0.006021394394338131 683
1755177119259 0.007176936138421297 684
1755179258119 0.017194900661706924 685
1755180266988 0.005152677185833454 686
1755182723592 0.007493282668292522 687
1755184009373 0.00520086195319891 688
1755184432527 0.0075416178442537785 689
1755184896454 0.006304575130343437 690
1755186799367 0.006928247399628162 691
1755188224336 0.006286370102316141 692
1755189273646 0.008756694383919239 693
1755191733880 0.00692673958837986 694
1755193706694 0.007161396089941263 695
1755196040982 0.005449166055768728 696
1755197962807 0.005828090012073517 697
1755199790644 0.010919267311692238 698
1755201824669 0.016259443014860153 699
1755201839952 0.0064475382678210735 700
1755201854437 0.006328428629785776 701
1755201869029 0.005899401847273111 702
1755202028471 0.006589957047253847 703
1755202042720 0.0067296819761395454 704
1755202056581 0.005092547740787268 705
1755202070780 0.006522540468722582 706
1755202084950 0.006247233599424362 707
1755202100756 0.007157770451158285 708
1755203510296 0.006948223803192377 709
1755205701370 0.006240133661776781 710
1755207896406 0.005362410098314285 711
1755209349843 0.00799223780632019 712
1755211234204 0.007555869407951832 713
1755213933845 0.00986283179372549 714
1755216475527 0.006975880358368158 715
1755218320129 0.0066045294515788555 716
1755221289428 0.005355670116841793 717
1755222076791 0.0065374961122870445 718
1755222090738 0.007313335780054331 719
1755222104790 0.006122204475104809 720
1755223160167 0.005268198903650045 721
1755223174186 0.006701281294226646 722
1755223188081 0.005782507359981537 723
1755223202132 0.006689657457172871 724
1755223216118 0.005241571459919214 725
1755223230150 0.005669294390827417 726
1755224207902 0.006658894009888172 727
1755224221859 0.006884905509650707 728
1755224235840 0.00567876361310482 729
1755224249760 0.005583347752690315 730
1755225225575 0.006340612657368183 731
1755225239488 0.0056488048285245895 732
1755225253546 0.011170652695000172 733
1755226283294 0.005645153112709522 734
1755226297416 0.00685112364590168 735
1755226311333 0.005736290477216244 736
1755226325517 0.008656053803861141 737
1755226339558 0.011473990976810455 738
1755227382062 0.00604740297421813 739
1755227395999 0.007488348055630922 740
1755227409875 0.007948283106088638 741
1755227423900 0.005819753278046846 742
1755227437817 0.0062296041287481785 743
1755227451884 0.006550155114382505 744
1755227465874 0.00663906242698431 745
1755228379795 0.008029003627598286 746
1755228393647 0.006687298882752657 747
1755228407654 0.00593408802524209 748
1755229404448 0.00773949921131134 749
1755229418589 0.0068441033363342285 750
1755229432596 0.006662616040557623 751
1755230414255 0.005814054515212774 752
1755230428584 0.004932417534291744 753
1755230442583 0.006860608235001564 754
1755230456613 0.00728210574015975 755
1755231392095 0.0064238859340548515 756
1755231406132 0.009247729554772377 757
1755231420095 0.0072446283884346485 758
1755231434150 0.006218512076884508 759
1755231448155 0.005166479852050543 760
1755231462286 0.0063840593211352825 761
1755231476371 0.005253776907920837 762
1755232146331 0.006466649938374758 763
1755232160384 0.007266376633197069 764
1755232174405 0.005531787406653166 765
1755232608605 0.011793659999966621 766
1755232622648 0.006569213699549437 767
1755232636792 0.006326000671833754 768
1755232650817 0.006433473434299231 769
1755232664982 0.009479808621108532 770
1755232679050 0.005713443271815777 771
1755232693138 0.005236867815256119 772
1755232707145 0.006270419806241989 773
1755232721300 0.006311648525297642 774
1755232735398 0.0073706964030861855 775
1755232749484 0.005980564281344414 776
1755232763563 0.0071098217740654945 777
1755232777570 0.00605785334482789 778
1755233091757 0.0070068067871034145 779
1755233105725 0.006386066786944866 780
1755233119800 0.006468874868005514 781
1755233433528 0.0068975104950368404 782
1755233447539 0.005772910080850124 783
1755233461501 0.008494715206325054 784
1755233475558 0.005832089576870203 785
1755233789418 0.005951324477791786 786
1755233803419 0.005356444511562586 787
1755233817444 0.006315577309578657 788
1755233831537 0.005205068271607161 789
1755233845647 0.007354769390076399 790
1755233859742 0.006969725247472525 791
1755233873900 0.005939554888755083 792
1755233887988 0.005516465753316879 793
1755233902160 0.005949052050709724 794
1755233916240 0.005045520141720772 795
1755233930392 0.005776682402938604 796
1755233944903 0.005220647435635328 797
1755233964291 0.004669040907174349 798
1755234281200 0.005656355991959572 799
1755234295402 0.0064461189322173595 800
1755234309528 0.00771029107272625 801
1755235252242 0.006682706065475941 802
1755235266358 0.0061451708897948265 803
1755235280467 0.004984796978533268 804
1755235294679 0.006506273988634348 805
1755235308801 0.0053468975238502026 806
1755235322996 0.00451099406927824 807
1755236315912 0.005764218047261238 808
1755236330054 0.004565332550555468 809
1755236344177 0.005486063193529844 810
1755237176084 0.0041931732557713985 811
1755237190187 0.006255432963371277 812
1755237204372 0.004296485334634781 813
1755238224346 0.005463640671223402 814
1755238238564 0.0051387581042945385 815
1755238252753 0.005994743667542934 816
1755238266972 0.005900784861296415 817
1755239217105 0.00478905625641346 818
1755239231254 0.004459885880351067 819
1755239245468 0.00477000093087554 820
1755239259583 0.005742274224758148 821
1755239273779 0.004554159007966518 822
1755239288000 0.004438288044184446 823
1755239302111 0.004770346451550722 824
1755239316311 0.004425586201250553 825
1755239330431 0.0059938132762908936 826
1755239344638 0.004071264062076807 827
1755239358772 0.010404803790152073 828
1755239372948 0.004663944244384766 829
1755239387093 0.004515735432505608 830
1755239401288 0.004549124743789434 831
1755239416052 0.005023143254220486 832
1755239430882 0.013443009927868843 833
1755239445690 0.00472450302913785 834
1755239461098 0.008472371846437454 835
1755239476346 0.005620256066322327 836
1755239492068 0.004297131206840277 837
1755239515829 0.006778431590646505 838
1755240498458 0.006112547591328621 839
1755240512542 0.005047650542110205 840
1755240526595 0.005500810220837593 841
1755240540739 0.005272319540381432 842
1755240554820 0.004119180142879486 843
1755240568946 0.00562147656455636 844
1755240583059 0.0057939812541007996 845
1755240597279 0.005477691534906626 846
1755240611502 0.004690233152359724 847
1755240625681 0.006990011781454086 848
1755240639999 0.004472190979868174 849
1755240654251 0.0046788170002400875 850
1755240668568 0.006191222462803125 851
1755240683330 0.00550451036542654 852
1755240698570 0.005066313780844212 853
1755240714028 0.005277320276945829 854
1755240734892 0.005205194931477308 855
1755241654158 0.004354454576969147 856
1755241668408 0.00465727224946022 857
1755241682560 0.004575575236231089 858
1755242596567 0.004729392938315868 859
1755242610618 0.00525303278118372 860
1755242624668 0.005350701976567507 861
1755242638820 0.011129490099847317 862
1755242653006 0.0035548273008316755 863
1755242667272 0.004818750079721212 864
1755242681469 0.004037721082568169 865
1755242695773 0.004515164066106081 866
1755242709966 0.004403195809572935 867
1755242724309 0.004831578582525253 868
1755242738628 0.006485252641141415 869
1755242753041 0.004670358262956142 870
1755242767485 0.005446957889944315 871
1755242782299 0.004180170129984617 872
1755242797638 0.0048452503979206085 873
1755242813223 0.005320759955793619 874
1755242833154 0.006001679226756096 875
1755243753546 0.00555438781157136 876
1755243767706 0.003944745287299156 877
1755243781837 0.005157412029802799 878
1755243796084 0.004588515963405371 879
1755243810189 0.0038498081266880035 880
1755243824444 0.005048175808042288 881
1755243838569 0.008496882393956184 882
1755243852770 0.004257210064679384 883
1755243867012 0.004960466641932726 884
1755243881206 0.004302690736949444 885
1755243895374 0.005000648554414511 886
1755243909522 0.005497993901371956 887
1755243923623 0.005082831252366304 888
1755244049911 0.005761191248893738 889
1755244064128 0.0047324951738119125 890
1755244078276 0.004845844581723213 891
1755244439019 0.0038188891485333443 892
1755244453185 0.004981155972927809 893
1755244467453 0.004816276021301746 894
1755245381520 0.003938388079404831 895
1755245395708 0.004675101954489946 896
1755245410030 0.005163027439266443 897
1755246357035 0.004441520199179649 898
1755246371390 0.0038088944274932146 899
1755246385639 0.0039560869336128235 900
1755246399992 0.0050980825908482075 901
1755247318002 0.004302456974983215 902
1755247332242 0.004789822734892368 903
1755247346435 0.0047894991002976894 904
1755248370523 0.004165452904999256 905
1755248384677 0.004071315750479698 906
1755248398938 0.004863698501139879 907
1755248413170 0.0037654994521290064 908
1755248427439 0.006960324477404356 909
1755248441701 0.004012448713183403 910
1755248455948 0.0032851307187229395 911
1755248470221 0.0035421596840023994 912
1755248484490 0.004392384085804224 913
1755248498895 0.00483689783141017 914
1755248513198 0.004465588368475437 915
1755248527565 0.003778262762352824 916
1755248541888 0.0052038393914699554 917
1755248556822 0.003847358049824834 918
1755248572129 0.004850453231483698 919
1755248594059 0.005242424551397562 920
1755249538746 0.005752825178205967 921
1755249552910 0.003271195339038968 922
1755249567106 0.00473053427413106 923
1755249581193 0.0047991094179451466 924
1755249595378 0.004053136799484491 925
1755249609495 0.004502098076045513 926
1755249623771 0.0030777037609368563 927
1755249637944 0.004004335962235928 928
1755249652263 0.00518029136583209 929
1755249666490 0.004759042989462614 930
1755249680844 0.0033389022573828697 931
1755249695178 0.004161675460636616 932
1755249710285 0.004184210207313299 933
1755249731904 0.003340616123750806 934
1755250648093 0.0051919021643698215 935
1755250662209 0.003746657632291317 936
1755250676326 0.004214482381939888 937
1755251590274 0.005331250373274088 938
1755251604274 0.003443383611738682 939
1755251618310 0.003934319596737623 940
1755252533634 0.004613669589161873 941
1755252547767 0.004969681613147259 942
1755252561894 0.0036450030747801065 943
1755253562719 0.004550079349428415 944
1755253576926 0.0036959375720471144 945
1755253591006 0.0051848264411091805 946
1755253605179 0.0039194137789309025 947
1755253619243 0.00389704667031765 948
1755253633396 0.004436035640537739 949
1755253647525 0.003876993665471673 950
1755253661755 0.003710525343194604 951
1755253675858 0.005182432476431131 952
1755253690055 0.005394435953348875 953
1755253704183 0.003429032163694501 954
1755253718390 0.004473633132874966 955
1755253732583 0.004237813409417868 956
1755253746686 0.002884795656427741 957
1755253761301 0.00429563969373703 958
1755253776259 0.004429373424500227 959
1755253791512 0.003754871664568782 960
1755253806995 0.0044793495908379555 961
1755253827597 0.003720704698935151 962
1755254782129 0.004766467958688736 963
1755254796385 0.004187344573438168 964
1755254810582 0.0049286773428320885 965
1755254824805 0.004617348313331604 966
1755254838988 0.004910902585834265 967
1755256907459 0.004439611453562975 968
1755258036188 0.0033481763675808907 969
1755260944344 0.004299526568502188 970
1755262362594 0.004548921249806881 971
1755263307713 0.004297264385968447 972
1755266376189 0.004586411640048027 973
1755269444534 0.008716220036149025 974
1755271034457 0.004743463825434446 975
1755272753571 0.004628306720405817 976
1755272768830 0.004038702696561813 977
1755272783086 0.0034933071583509445 978
1755272797418 0.003908361308276653 979
1755272811757 0.0039103832095861435 980
1755272826994 0.003775798948481679 981
1755272840846 0.004507036413997412 982
1755272854733 0.0036586904898285866 983
1755273782979 0.004802285227924585 984
1755273796921 0.011553311720490456 985
1755273810902 0.004659493453800678 986
1755273824846 0.004929868038743734 987
1755273838913 0.0038246132899075747 988
1755273852592 0.005063292570412159 989
1755273866906 0.007414807099848986 990
1755273880725 0.005115835927426815 991
1755273894757 0.004349520895630121 992
1755273908894 0.004230859689414501 993
1755273923337 0.005069172475486994 994
1755273937373 0.004602179396897554 995
1755273951425 0.007543466053903103 996
1755273965539 0.0057239653542637825 997
1755273979626 0.00421243067830801 998
1755273993798 0.010638506151735783 999
1755274007835 0.005624853074550629 1000
1755274021987 0.006554406136274338 1001
1755274035999 0.004600448999553919 1002
1755274050091 0.004618967417627573 1003
1755274064261 0.005684273317456245 1004
1755274078311 0.006582736503332853 1005
1755274092487 0.005452519748359919 1006
1755274106605 0.004266821779310703 1007
1755274121100 0.0051654609851539135 1008
1755274135249 0.005090059246867895 1009
1755274149404 0.00510316202417016 1010
1755274163550 0.004250424448400736 1011
1755274177692 0.005530074238777161 1012
1755274191831 0.004829364363104105 1013
1755274206632 0.004581465385854244 1014
1755274221315 0.004902919288724661 1015
1755274235760 0.0075128874741494656 1016
1755274249794 0.005539080128073692 1017
1755274263886 0.005037117283791304 1018
1755274278171 0.004010683856904507 1019
1755274292176 0.004426926374435425 1020
1755274306290 0.0047628856264054775 1021
1755274320303 0.004471102729439735 1022
1755274334398 0.0036919708363711834 1023
1755274348417 0.004469721578061581 1024
1755274362525 0.006927135866135359 1025
1755274376535 0.00464091170579195 1026
1755274390666 0.002801216207444668 1027
1755274404782 0.00456756679341197 1028
1755274418854 0.00363813154399395 1029
1755274432929 0.00503192562609911 1030
1755274446966 0.006496313028037548 1031
1755274461034 0.005278766620904207 1032
1755274475106 0.008319957181811333 1033
1755274489186 0.004725996870547533 1034
1755274503170 0.004417893011122942 1035
1755274517237 0.004791101906448603 1036
1755274531399 0.004191542975604534 1037
1755274545629 0.004743702244013548 1038
1755274559741 0.004338404163718224 1039
1755274573919 0.007139982655644417 1040
1755274588158 0.005444846116006374 1041
1755274602534 0.004382987506687641 1042
1755274616969 0.003951037302613258 1043
1755274631270 0.004690992645919323 1044
1755274645644 0.0040069702081382275 1045
1755274659862 0.0046108136884868145 1046
1755274674175 0.004283064976334572 1047
1755274688404 0.0050686998292803764 1048
1755274703017 0.004126786254346371 1049
1755274717333 0.004308069124817848 1050
1755274731662 0.00401675421744585 1051
1755274745921 0.006289479788392782 1052
1755274758032 0.0038866139948368073 1053
1755274772389 0.0051897005178034306 1054
1755274786530 0.004064362030476332 1055
1755274800736 0.0041536977514624596 1056
1755274814597 0.00425944197922945 1057
1755274828807 0.005245924461632967 1058
1755274842988 0.0034236737992614508 1059
1755274857209 0.004519435111433268 1060
1755274871338 0.003915973473340273 1061
1755274886202 0.0048171402886509895 1062
1755275198201 0.004852578975260258 1063
1755275212238 0.004397834651172161 1064
1755276203827 0.0037303329445421696 1065
1755278044479 0.003984972834587097 1066
1755279077612 0.00409751757979393 1067
1755280935183 0.0036423099227249622 1068
1755281023062 0.004182799253612757 1069
1755281989499 0.004675460048019886 1070
1755282004161 0.004445204511284828 1071
1755282018551 0.004185731057077646 1072
1755282033028 0.004501754883676767 1073
1755282047306 0.003953242674469948 1074
1755282061833 0.004072551149874926 1075
1755282076135 0.004095457959920168 1076
1755282090499 0.004474986344575882 1077
1755282105155 0.0035913686733692884 1078
1755282119500 0.004019535146653652 1079
1755282133675 0.005628711543977261 1080
1755282147757 0.0050506130792200565 1081
1755282161887 0.004493325483053923 1082
1755282176004 0.0037846576888114214 1083
1755282190257 0.004641836043447256 1084
1755282204453 0.0042634992860257626 1085
1755282219004 0.0036406766157597303 1086
1755282233230 0.004171457141637802 1087
1755282247552 0.004256920423358679 1088
1755282261894 0.0037449803203344345 1089
1755282276170 0.004258815664798021 1090
1755282290654 0.012316449545323849 1091
1755282304829 0.004548279568552971 1092
1755282319280 0.003823348321020603 1093
1755282333685 0.003842294914647937 1094
1755282348469 0.005496980622410774 1095
1755282362995 0.005047650076448917 1096
1755282377449 0.009226107969880104 1097
1755282391796 0.016677772626280785 1098
1755282406289 0.004699723795056343 1099
1755282420457 0.004044835455715656 1100
1755282434927 0.004125684499740601 1101
1755282449485 0.004222115967422724 1102
1755282463998 0.005173784215003252 1103
1755282478421 0.005113295279443264 1104
1755282492791 0.004479636438190937 1105
1755282507481 0.008661390282213688 1106
1755282521787 0.004996364936232567 1107
1755282536232 0.004208017606288195 1108
1755282550501 0.0058067538775503635 1109
1755282564942 0.007187661249190569 1110
1755282579235 0.0061364253051579 1111
1755282593709 0.006618462968617678 1112
1755282608101 0.007066774647682905 1113
1754912648705 2.2349298000335693 0
