1753829433575 2.1764376163482666 0
1753829441312 2.0357911586761475 1
1753829449058 1.810461401939392 2
1753829457128 1.6437616348266602 3
1753829465171 1.5103626251220703 4
1753829472878 1.3685864210128784 5
1753829480654 1.318948745727539 6
1753829488737 1.228063941001892 7
1753829496863 1.046915054321289 8
1753829504702 1.0322027206420898 9
1753829512551 0.9788177609443665 10
1753829520439 0.9117050170898438 11
1753829528280 0.8663735389709473 12
1753829536150 0.7671631574630737 13
1753829543471 0.7302170395851135 14
1753829551420 0.6785904765129089 15
1753829559540 0.6566584706306458 16
1753829567532 0.637954831123352 17
1753829574689 0.5685689449310303 18
1753829582686 0.5513918399810791 19
1753829590984 0.5576666593551636 20
1753829599047 0.4973946809768677 21
1753829606332 0.5092990398406982 22
1753829614441 0.47424599528312683 23
1753829622639 0.46309694647789 24
1753829630637 0.4380607604980469 25
1753829637748 0.43958932161331177 26
1753829645915 0.4474519193172455 27
1753829653973 0.4239262342453003 28
1753829662001 0.4104076623916626 29
1753829669338 0.3675903081893921 30
1753829677443 0.3846674859523773 31
1753829685474 0.3770914077758789 32
1753829693478 0.3897131383419037 33
1753829700597 0.3350452780723572 34
1753829708538 0.3368928134441376 35
1753829716464 0.32181358337402344 36
1753829724367 0.3423312306404114 37
1753829731309 0.31930822134017944 38
1753829739169 0.3451990485191345 39
1753829747241 0.3035871088504791 40
1753829755223 0.2973688542842865 41
1753829762140 0.2540023624897003 42
1753829769960 0.27209731936454773 43
1753829777759 0.30184605717658997 44
1753829785713 0.2914540469646454 45
1753829792514 0.2821313142776489 46
1753829800310 0.29178839921951294 47
1753829808134 0.25855547189712524 48
1753829816033 0.24132399260997772 49
1753829823382 0.269917756319046 50
1753829831135 0.25601035356521606 51
1753829839081 0.2619253098964691 52
1753829846912 0.24332024157047272 53
1753829854425 0.23269373178482056 54
1753829861896 0.26085472106933594 55
1753829869826 0.29034796357154846 56
1753829877664 0.25191906094551086 57
1753829885559 0.23689164221286774 58
1753829892319 0.25760921835899353 59
1753829898830 0.27540770173072815 60
1753829905065 0.2251460701227188 61
1753829911298 0.23232808709144592 62
1753829916735 0.2525707483291626 63
1753829923013 0.265743613243103 64
1753829929255 0.22858652472496033 65
1753829935526 0.2786361277103424 66
1753829940833 0.22697634994983673 67
1753829947121 0.23634164035320282 68
1753829953410 0.23124626278877258 69
1753829960025 0.21586553752422333 70
1753829965295 0.21439464390277863 71
1753829971576 0.2414916455745697 72
1753829977897 0.23404529690742493 73
1753829984410 0.24950651824474335 74
1753829990003 0.22666461765766144 75
1753829996249 0.23296383023262024 76
1753830002577 0.24038249254226685 77
1753830009041 0.25315767526626587 78
1753830015032 0.2453383058309555 79
1753830020046 0.20880411565303802 80
1753830024915 0.23001869022846222 81
1753830029718 0.23770509660243988 82
1753830034496 0.25997281074523926 83
1753830039275 0.2620733380317688 84
1753830044163 0.22862933576107025 85
1753830048953 0.19947552680969238 86
1753830053746 0.22803878784179688 87
1753830058598 0.23991748690605164 88
1753830063353 0.2088146060705185 89
1753830068169 0.20015765726566315 90
1753830072708 0.2342814803123474 91
1753830077357 0.24890637397766113 92
1753830081916 0.20833341777324677 93
1753830086479 0.24628672003746033 94
1753830091042 0.2024025321006775 95
1753830095699 0.23583760857582092 96
1753830100262 0.21437180042266846 97
1753830104837 0.1841404289007187 98
1753830109504 0.20488624274730682 99
1753829433575 2.1764376163482666 0
