1755274756646 2.21982479095459 0
1755274770898 1.9596525430679321 1
1755274785182 1.6172608137130737 2
1755274799270 1.5301189422607422 3
1755274813232 1.3433895111083984 4
1755274827242 1.1766263246536255 5
1755274841401 1.1092662811279297 6
1755274855512 1.0070666074752808 7
1755274869446 0.9006005525588989 8
1755274883775 0.7773499488830566 9
1755275196446 0.6951442360877991 10
1755275210472 0.6242283582687378 11
1755276195803 0.5489516854286194 12
1755277196121 0.4768451154232025 13
1755279075350 0.43056824803352356 14
1755280933007 0.40112850069999695 15
1755281018770 0.35306403040885925 16
1755281988019 0.31500205397605896 17
1755282002535 0.269607812166214 18
1755282017010 0.2404240220785141 19
1755282031368 0.2210279405117035 20
1755282045700 0.20024392008781433 21
1755282060324 0.18972378969192505 22
1755282074656 0.16031157970428467 23
1755282088905 0.13562533259391785 24
1755282103385 0.12027233839035034 25
1755282117854 0.12559986114501953 26
1755282131920 0.11179298162460327 27
1755282146012 0.10249631851911545 28
1755282159944 0.08290672302246094 29
1755282174074 0.08070982247591019 30
1755282188363 0.0711812824010849 31
1755282202472 0.06974450498819351 32
1755282217103 0.06364130973815918 33
1755282231222 0.07895773649215698 34
1755282245487 0.05925831198692322 35
1755282259668 0.04310634359717369 36
1755282274071 0.06547155976295471 37
1755282288339 0.05100879445672035 38
1755282302608 0.04080531373620033 39
1755282316841 0.034400176256895065 40
1755282331175 0.031045539304614067 41
1755282345594 0.03310225158929825 42
1755282359928 0.034675173461437225 43
1755282374410 0.029764117673039436 44
1755282388671 0.02709788642823696 45
1755282402904 0.029045335948467255 46
1755282417307 0.02595514990389347 47
1755282431710 0.029074618592858315 48
1755282445994 0.021016985177993774 49
1755282460498 0.020331164821982384 50
1755282474791 0.021478598937392235 51
1755282489073 0.018841708078980446 52
1755282503335 0.01928931474685669 53
1755282517644 0.015954336151480675 54
1755282531789 0.020116059109568596 55
1755282546090 0.020942091941833496 56
1755282560284 0.01791706494987011 57
1755282574438 0.019244756549596786 58
1755282588725 0.019408700987696648 59
1755282603065 0.016388626769185066 60
1755282616552 0.015933500602841377 61
1755282631267 0.016208264976739883 62
1755282646033 0.0161348357796669 63
1755282660673 0.013034265488386154 64
1755282675366 0.020432474091649055 65
1755282689964 0.014679035171866417 66
1755282704768 0.018173683434724808 67
1755282719612 0.011860565282404423 68
1755282734240 0.017797410488128662 69
1755282749017 0.014405809342861176 70
1755282763678 0.012485355138778687 71
1755282778169 0.011756802909076214 72
1755282792701 0.01403303537517786 73
1755282807378 0.012786470353603363 74
1755282821821 0.013844181783497334 75
1755282836369 0.01102885976433754 76
1755282850755 0.011617341078817844 77
1755282865304 0.01068812608718872 78
1755282879561 0.013690739870071411 79
1755282894263 0.011254149489104748 80
1755282908984 0.010370270349085331 81
1755282923667 0.01167577225714922 82
1755282938077 0.011406502686440945 83
1755282952607 0.009564013220369816 84
1755282967234 0.010775147937238216 85
1755282981824 0.010343489237129688 86
1755282996432 0.01063238363713026 87
1755283010799 0.014883595518767834 88
1755283025319 0.01133311353623867 89
1755283039936 0.009407329373061657 90
1755283054530 0.014793009497225285 91
1755283069278 0.011630762368440628 92
1755283083583 0.009130144491791725 93
1755283098047 0.012332476675510406 94
1755283112584 0.009629815816879272 95
1755283127050 0.009996761567890644 96
1755283141299 0.011721163056790829 97
1755283155842 0.008512429893016815 98
1755283170261 0.012387982569634914 99
1755283184725 0.007064509205520153 100
1755283199085 0.009663102217018604 101
1755283213526 0.0071866875514388084 102
1755283227671 0.007023392710834742 103
1755283242005 0.010541858151555061 104
1755283256572 0.008197443559765816 105
1755283270752 0.011635716073215008 106
1755283285564 0.009965536184608936 107
1755283299907 0.009187229909002781 108
1755283314375 0.007947198115289211 109
1755283328806 0.008821438997983932 110
1755283343177 0.008560924790799618 111
1755283357410 0.007023350335657597 112
1755283371992 0.009013781324028969 113
1755283386225 0.008042411878705025 114
1755283400499 0.009644054807722569 115
1755283414764 0.008058569394052029 116
1755283428985 0.008599541150033474 117
1755283443323 0.008559610694646835 118
1755283457548 0.008159137330949306 119
1755283471981 0.009462268091738224 120
1755283486209 0.011150477454066277 121
1755283500796 0.008891680277884007 122
1755283515188 0.007560010999441147 123
1755283529681 0.008810058236122131 124
1755283544177 0.013049031607806683 125
1755283558911 0.0071868509985506535 126
1755283573273 0.013804025016725063 127
1755283587961 0.01070522703230381 128
1755283602483 0.010548554360866547 129
1755283616967 0.00880350824445486 130
1755283631521 0.009336614981293678 131
1755283645973 0.007114873267710209 132
1755283660406 0.007673213724046946 133
1755283674842 0.007125345058739185 134
1755283689376 0.007425456773489714 135
1755283703605 0.008017373271286488 136
1755283718207 0.012118613347411156 137
1755283732735 0.007789007853716612 138
1755283747327 0.00715336250141263 139
1755283761730 0.009358874522149563 140
1755283776019 0.008349872194230556 141
1755283790426 0.007268323563039303 142
1755283804836 0.008795534260571003 143
1755283819165 0.00964969303458929 144
1755283833360 0.0066229538060724735 145
1755283847922 0.007427142467349768 146
1755283862119 0.008037084713578224 147
1755283876884 0.010040371678769588 148
1755283891400 0.00808260589838028 149
1755283905958 0.00903160311281681 150
1755283920704 0.006817110814154148 151
1755283934963 0.008549178019165993 152
1755283949279 0.006324669346213341 153
1755283963470 0.007268181070685387 154
1755283977860 0.008792329579591751 155
1755283992192 0.005832816008478403 156
1755284006591 0.0060346839018166065 157
1755284020793 0.0052551282569766045 158
1755284035622 0.007822823710739613 159
1755284050006 0.008955023251473904 160
1755284064570 0.006090011913329363 161
1755284078864 0.009047508239746094 162
1755284093178 0.006417543161660433 163
1755284107683 0.006029319949448109 164
1755284121757 0.007523713633418083 165
1755284136349 0.008512061089277267 166
1755284150951 0.006652409676462412 167
1755284165860 0.009809155948460102 168
1755284180336 0.007079196162521839 169
1755284195019 0.006380185484886169 170
1755284209356 0.009021395817399025 171
1755284223681 0.006165680009871721 172
1755284238122 0.004961529280990362 173
1755284252693 0.006018938962370157 174
1755284267109 0.006254113744944334 175
1755284281711 0.006242738571017981 176
1755284296374 0.008594305254518986 177
1755284310901 0.009406532160937786 178
1755284325423 0.007083962671458721 179
1755284339817 0.007290645036846399 180
1755284354282 0.006003158632665873 181
1755284368642 0.0045969532802701 182
1755284383223 0.005778554826974869 183
1755284397514 0.009473932906985283 184
1755284412232 0.007564749103039503 185
1755284426768 0.007077646441757679 186
1755284441754 0.005282941740006208 187
1755284456587 0.007614924572408199 188
1755284471494 0.009515427052974701 189
1755284486351 0.004324407782405615 190
1755284501075 0.0058544292114675045 191
1755284515958 0.007190895266830921 192
1755284530674 0.0050795613788068295 193
1755284545594 0.005023707635700703 194
1755284559762 0.007377535570412874 195
1755284574211 0.006822789087891579 196
1755284588380 0.007260490208864212 197
1755284602982 0.007860241457819939 198
1755284617064 0.006012539379298687 199
1755284631419 0.007616634480655193 200
1755284645947 0.008358153514564037 201
1755284660630 0.007103630807250738 202
1755284675278 0.006633780896663666 203
1755284689824 0.007359789684414864 204
1755284704495 0.006529972888529301 205
1755284719286 0.009632195346057415 206
1755284733894 0.006573449354618788 207
