1752631201046 -0.18128304183483124 0
1752631226918 -0.8365468382835388 1
1752631251021 -1.4505815505981445 2
1752631272896 -1.663428544998169 3
1752631295922 -1.8905119895935059 4
1752631319341 -1.9510629177093506 5
1752631342257 -2.1440470218658447 6
1752631365818 -2.206367015838623 7
1752631390407 -2.261214256286621 8
1752631415306 -2.3692824840545654 9
1752631440196 -2.3380377292633057 10
1752631465284 -2.410318613052368 11
1752631489352 -2.4008164405822754 12
1752631513116 -2.4344990253448486 13
1752631536304 -2.4467899799346924 14
1752631561405 -2.4734485149383545 15
1752631584654 -2.4463794231414795 16
1752631608983 -2.495689868927002 17
1752631633957 -2.493920087814331 18
1752631658685 -2.524110794067383 19
1752631683359 -2.5102059841156006 20
1752631707359 -2.478472948074341 21
1752631731449 -2.567317485809326 22
1752631755558 -2.5313661098480225 23
1752631781128 -2.5453286170959473 24
1752631806094 -2.5752012729644775 25
1752631831534 -2.5370988845825195 26
1752631856365 -2.5562915802001953 27
1752631880360 -2.5286827087402344 28
1752631904790 -2.5963377952575684 29
1752631929267 -2.5479979515075684 30
1752631954795 -2.5562379360198975 31
1752631979650 -2.5810189247131348 32
1752632004491 -2.57737135887146 33
1752632029004 -2.5735676288604736 34
1752632053500 -2.5898191928863525 35
1752632078299 -2.493964672088623 36
1752632102912 -2.594963312149048 37
1752632128680 -2.614454507827759 38
1752632151628 -2.6152803897857666 39
1752632173816 -2.59271502494812 40
1752632197382 -2.59175443649292 41
1752632220665 -2.60782790184021 42
1752632272530 -2.6125082969665527 43
1752632295619 -2.5738942623138428 44
1752632404632 -2.5998237133026123 45
1752632427188 -2.6050667762756348 46
1752632453605 -2.6073765754699707 47
1752632478507 -2.5821545124053955 48
1752633401898 -2.5938806533813477 49
1752633424681 -2.592827558517456 50
1752634436392 -2.6458325386047363 51
1752634459848 -2.590897560119629 52
1752634483382 -2.616380453109741 53
1752634507015 -2.5642569065093994 54
1752634530451 -2.5990402698516846 55
1752634554475 -2.610785961151123 56
1752634577569 -2.584747552871704 57
1752634601578 -2.59960675239563 58
1752634625895 -2.6400959491729736 59
1752634650562 -2.6230547428131104 60
1752634674991 -2.610039472579956 61
1752634699268 -2.627012252807617 62
1752634723929 -2.573585271835327 63
1752634749141 -2.56503963470459 64
1752634774513 -2.628056287765503 65
1752634798864 -2.6016666889190674 66
1752634823862 -2.6484787464141846 67
1752634847750 -2.6079564094543457 68
1752634873269 -2.5864522457122803 69
1752634897797 -2.6200575828552246 70
1752634922832 -2.5918869972229004 71
1752634948267 -2.6551101207733154 72
1752634974268 -2.672349691390991 73
1752634999921 -2.626868486404419 74
1752635024958 -2.611509084701538 75
1752635050349 -2.6142494678497314 76
1752635076363 -2.601595401763916 77
1752635102074 -2.656982183456421 78
1752635127179 -2.6151130199432373 79
1752635152657 -2.6269118785858154 80
1752635176739 -2.602437973022461 81
1752635201715 -2.5983726978302 82
1752635227499 -2.6123597621917725 83
1752635252803 -2.657381057739258 84
1752635277695 -2.6450793743133545 85
1752635300565 -2.602165460586548 86
1752635324343 -2.5846164226531982 87
1752635348787 -2.6139752864837646 88
1752635373503 -2.6166491508483887 89
1752635397797 -2.5995383262634277 90
1752635421476 -2.6500961780548096 91
1752635445358 -2.6512978076934814 92
1752635469130 -2.6107840538024902 93
1752635493894 -2.654935121536255 94
1752635518473 -2.5856237411499023 95
1752635542169 -2.656252384185791 96
1752635565680 -2.6579720973968506 97
1752635590051 -2.6599836349487305 98
1752635614279 -2.6437385082244873 99
1752631201046 -0.18128304183483124 0
