1754604369849 2.244414806365967 0
1754604428893 2.1667094230651855 1
1754604488808 2.194005250930786 2
1754604797320 2.163156747817993 3
1754605258884 2.1859092712402344 4
1754605858144 2.1432337760925293 5
1754605914213 2.1037511825561523 6
1754605969688 2.0865585803985596 7
1754606025368 2.0855538845062256 8
1754606080898 2.087040662765503 9
1754606136510 2.10380482673645 10
1754606192066 2.1160085201263428 11
1754606248337 2.0548112392425537 12
1754606304778 2.0790634155273438 13
1754606360395 2.006082534790039 14
1754606415974 2.0302770137786865 15
1754606471462 2.0406572818756104 16
1754606527282 1.9955105781555176 17
1754606583105 1.991136908531189 18
1754606638693 1.9966368675231934 19
1754606694917 2.0500857830047607 20
1754606750686 1.9584406614303589 21
1754606806393 1.9528899192810059 22
1754606862291 1.9481143951416016 23
1754606917969 1.950459361076355 24
1754606973901 1.933888554573059 25
1754607029833 1.9098644256591797 26
1754607279732 1.9428577423095703 27
1754607336403 1.9236780405044556 28
1754607392566 1.9508870840072632 29
1754607452084 1.8941564559936523 30
1754607519968 1.9134987592697144 31
1754607587481 1.8921358585357666 32
1754607654672 1.8788560628890991 33
1754607722365 1.8669956922531128 34
1754607789725 1.8635939359664917 35
1754607856862 1.8246504068374634 36
1754607924174 1.8400115966796875 37
1754607991674 1.815967082977295 38
1754608058929 1.8141045570373535 39
1754608126293 1.7976127862930298 40
1754608193839 1.762460708618164 41
1754608260672 1.7605884075164795 42
1754608328421 1.763673186302185 43
1754608396133 1.7698878049850464 44
1754608464024 1.7854622602462769 45
1754608531754 1.7911286354064941 46
1754608600716 1.7625843286514282 47
1754608924978 1.7284835577011108 48
1754608994070 1.6984297037124634 49
1754610102161 1.6961085796356201 50
1754610168409 1.6747779846191406 51
1754610237351 1.6817543506622314 52
1754610851545 1.6730906963348389 53
1754611848257 1.6383082866668701 54
1754612838799 1.6637784242630005 55
1754613842899 1.641129732131958 56
1754613908919 1.6160258054733276 57
1754613975353 1.6139862537384033 58
1754614045405 1.6083463430404663 59
1754614117364 1.5900015830993652 60
1754614190512 1.5839242935180664 61
1754614308700 1.5754963159561157 62
1754616198172 1.5503168106079102 63
1754617342959 1.5397133827209473 64
1754617409232 1.5187852382659912 65
1754617475425 1.519957423210144 66
1754617542318 1.5066481828689575 67
1754617614120 1.4646939039230347 68
1754617686914 1.4695793390274048 69
1754617776558 1.444533348083496 70
1754618535603 1.427412986755371 71
1754618603083 1.3919100761413574 72
1754619582709 1.4174519777297974 73
1754620731163 1.3606899976730347 74
1754621823523 1.3492752313613892 75
1754621889595 1.345589280128479 76
1754621955309 1.3418022394180298 77
1754622022759 1.309411644935608 78
1754622093566 1.280428409576416 79
1754622165387 1.2766122817993164 80
1754622238475 1.2735471725463867 81
1754622312995 1.2384780645370483 82
1754622437466 1.2217957973480225 83
1754622567491 1.222248911857605 84
1754622656300 1.2029778957366943 85
1754622738900 1.200507402420044 86
1754622828943 1.1659098863601685 87
1754622933187 1.1507633924484253 88
1754623034840 1.1293445825576782 89
1754623130308 1.1018564701080322 90
1754623228608 1.1059656143188477 91
1754623330938 1.054363489151001 92
1754623433071 1.0632567405700684 93
1754623532942 1.0126501321792603 94
1754623635159 1.0467371940612793 95
1754623738280 1.0087915658950806 96
1754623839394 1.01158607006073 97
1754623941703 0.9607087969779968 98
1754624046936 0.9355679154396057 99
1754624155046 0.9260911345481873 100
1754624262670 0.8895509243011475 101
1754624371822 0.8832927346229553 102
1754624480478 0.8906310200691223 103
1754624588970 0.8789515495300293 104
1754624696701 0.846716046333313 105
1754624802237 0.8311619758605957 106
1754624908557 0.7988590002059937 107
1754625014905 0.7913182377815247 108
1754625120301 0.7797962427139282 109
1754625226829 0.7613762617111206 110
1754625334270 0.7450771331787109 111
1754625844911 0.7337347865104675 112
1754627910437 0.7086147665977478 113
1754628910084 0.7008320093154907 114
1754628976872 0.6798899173736572 115
1754629042795 0.6754618883132935 116
1754629110273 0.6459198594093323 117
1754629181295 0.6661810278892517 118
1754629253834 0.6420420408248901 119
1754629327710 0.6242833733558655 120
1754629402179 0.5961757898330688 121
1754629509515 0.6077125668525696 122
1754629658164 0.5819560289382935 123
1754629754885 0.5632544755935669 124
1754629844757 0.5757482647895813 125
1754629939907 0.5447373986244202 126
1754630048728 0.5280267000198364 127
1754630153763 0.539572536945343 128
1754630253407 0.5366230607032776 129
1754630356175 0.5144714117050171 130
1754630463333 0.5087912082672119 131
1754630568308 0.4998262822628021 132
1754630673667 0.4891558587551117 133
1754630782662 0.4796306788921356 134
1754630892114 0.45261555910110474 135
1754631002610 0.4676942229270935 136
1754631114023 0.4507911801338196 137
1754631224934 0.44210073351860046 138
1754631339902 0.4609581530094147 139
1754631451904 0.4413383901119232 140
1754631563033 0.4125320315361023 141
1754631675573 0.41116592288017273 142
1754631785846 0.41464564204216003 143
1754631893964 0.4078741669654846 144
1754632005632 0.4063458740711212 145
1754632118824 0.3820177912712097 146
1754632233394 0.3811294436454773 147
1754632348177 0.37095215916633606 148
1754632463839 0.3552171289920807 149
1754633498693 0.36984583735466003 150
1754635526710 0.3524918854236603 151
1754636648754 0.32729992270469666 152
1754638625561 0.32626864314079285 153
1754639614153 0.3160777986049652 154
1754639680767 0.32339146733283997 155
1754641595082 0.2979981601238251 156
1754642661999 0.30511972308158875 157
1754643680968 0.3059832751750946 158
1754645670761 0.28955551981925964 159
1754646733959 0.2990194261074066 160
1754647715361 0.2776948809623718 161
1754648735286 0.27533233165740967 162
1754648801584 0.2880025804042816 163
1754648867589 0.2673996388912201 164
1754649977558 0.2637644410133362 165
1754650947198 0.2702638506889343 166
1754651013825 0.2556436061859131 167
1754651079987 0.25713881850242615 168
1754652060883 0.25437453389167786 169
1754653483541 0.23805461823940277 170
1754653550885 0.24074602127075195 171
1754653617055 0.23934848606586456 172
1754653682999 0.2279854416847229 173
1754653752829 0.24449490010738373 174
1754653825227 0.22046416997909546 175
1754653898015 0.24095572531223297 176
1754653971723 0.2181176394224167 177
1754654064922 0.21446819603443146 178
1754654214675 0.22451342642307281 179
1754654316090 0.22120246291160583 180
1754654402642 0.203883558511734 181
1754654491003 0.20462940633296967 182
1754654594667 0.2026922106742859 183
1754654700293 0.20582164824008942 184
1754654797879 0.19357559084892273 185
1754654895930 0.18530158698558807 186
1754655000986 0.18763037025928497 187
1754655106434 0.19121721386909485 188
1754655209837 0.19017864763736725 189
1754655318677 0.1848725825548172 190
1754655427987 0.19243024289608002 191
1754655536423 0.19444526731967926 192
1754655647591 0.18106740713119507 193
1754655761177 0.17181198298931122 194
1754655872620 0.1874745786190033 195
1754655985071 0.16740749776363373 196
1754656097689 0.16807521879673004 197
1754656210661 0.16721543669700623 198
1754656320629 0.15917710959911346 199
1754656431115 0.16369959712028503 200
1754656540519 0.15589962899684906 201
1754656648313 0.16333894431591034 202
1754656758665 0.16087119281291962 203
1754656869982 0.1655094176530838 204
1754656987449 0.14762695133686066 205
1754657102466 0.14339183270931244 206
1754658163800 0.14848865568637848 207
1754659180444 0.15688306093215942 208
1754659246575 0.15344904363155365 209
1754659313125 0.13878963887691498 210
1754659383617 0.14640288054943085 211
1754659455887 0.1455879807472229 212
1754659529564 0.13617773354053497 213
1754660607703 0.14507372677326202 214
1754660673993 0.15119805932044983 215
1754660740757 0.13654933869838715 216
1754660809596 0.13326899707317352 217
1754660882310 0.12810079753398895 218
1754660967705 0.14421211183071136 219
1754662745704 0.1406334489583969 220
1754662999558 0.12535111606121063 221
1754663978996 0.13144029676914215 222
1754665035642 0.1176643893122673 223
1754665459165 0.12933766841888428 224
1754665896330 0.13392367959022522 225
1754666488733 0.13778041303157806 226
1754666558225 0.12183427065610886 227
1754666627719 0.12645967304706573 228
1754666697477 0.1371620148420334 229
1754666766725 0.12513265013694763 230
1754666834899 0.12837718427181244 231
1754666904215 0.12336858361959457 232
1754666973682 0.12658192217350006 233
1754667042591 0.12512414157390594 234
1754667111277 0.11759999394416809 235
1754667180202 0.11845389753580093 236
1754667249500 0.1241510808467865 237
1754667318623 0.11776454001665115 238
1754667388330 0.11400912702083588 239
1754667457462 0.11490799486637115 240
1754667526771 0.12341833114624023 241
1754667595787 0.11127806454896927 242
1754667664765 0.10983647406101227 243
1754667733895 0.11884794384241104 244
1754667804269 0.10104624181985855 245
1754667874075 0.11248824745416641 246
1754667944375 0.10636892914772034 247
1754668013666 0.11569777876138687 248
1754668082921 0.0968165174126625 249
1754668151833 0.10831208527088165 250
1754668220254 0.11104483157396317 251
1754668288441 0.10780136287212372 252
1754669281399 0.10150258243083954 253
1754669347079 0.10169520229101181 254
1754669416403 0.10087154805660248 255
1754669516731 0.09078102558851242 256
1754669692978 0.1008555218577385 257
1754669779810 0.09490830451250076 258
1754669853187 0.10356638580560684 259
1754670016117 0.0981343612074852 260
1754670097898 0.10936597734689713 261
1754670176063 0.09397361427545547 262
1754670261893 0.10074443370103836 263
1754670397613 0.09352558106184006 264
1754670486383 0.09161023050546646 265
1754670560713 0.09678899496793747 266
1754670647702 0.09849390387535095 267
1754670731265 0.09255242347717285 268
1754671108059 0.08995793759822845 269
1754672266493 0.09430600702762604 270
1754672491834 0.0846310555934906 271
1754672986530 0.08786071836948395 272
1754674884338 0.08808580040931702 273
1754675896837 0.08901382982730865 274
1754676932076 0.09143394231796265 275
1754677913085 0.08737964928150177 276
1754677979950 0.08733783662319183 277
1754678047093 0.08309002965688705 278
1754678118390 0.08752115815877914 279
1754678190709 0.09072285145521164 280
1754678264416 0.08400695025920868 281
1754678362422 0.08223674446344376 282
1754678521872 0.08491448312997818 283
1754678623361 0.08641844987869263 284
1754678710120 0.08172206580638885 285
1754678809089 0.08716218918561935 286
1754678928881 0.08864163607358932 287
1754679039060 0.08216339349746704 288
1754679145197 0.08051039278507233 289
1754679261473 0.07516414672136307 290
1754679380701 0.07909814268350601 291
1754679495672 0.08379612118005753 292
1754679620480 0.07491150498390198 293
1754679749845 0.07172637432813644 294
1754679876229 0.08095213770866394 295
1754680004555 0.08095719665288925 296
1754680134311 0.08106600493192673 297
1754680267786 0.07989424467086792 298
1754680400174 0.08314457535743713 299
1754680537229 0.07877451181411743 300
1754680671517 0.06670735031366348 301
1754680800119 0.07422657310962677 302
1754680932450 0.07295237481594086 303
1754681065722 0.07318754494190216 304
1754681200997 0.07647321373224258 305
1754681335602 0.07188378274440765 306
1754681591388 0.08108573406934738 307
1754681738558 0.0811067596077919 308
1754681815676 0.07233338057994843 309
1754681926833 0.07020500302314758 310
1754682045158 0.07132158428430557 311
1754683015660 0.07301945239305496 312
1754683081978 0.06993311643600464 313
1754683151779 0.06730078160762787 314
1754684306449 0.07009516656398773 315
1754684373089 0.06291256099939346 316
1754684441027 0.07101589441299438 317
1754684513875 0.06589467078447342 318
1754685129525 0.06507916748523712 319
1754685199021 0.069504514336586 320
1754685278754 0.06839395314455032 321
1754685361076 0.06949733942747116 322
