1754913993978 2.2349298000335693 0
1754914008350 2.018381357192993 1
1754914022135 1.6570836305618286 2
1754914036013 1.4163864850997925 3
1754914050333 1.2634862661361694 4
1754914064701 1.1418125629425049 5
1754914079208 1.0595403909683228 6
1754915004714 0.9372057914733887 7
1754918005529 0.8077675104141235 8
1754920644455 0.7116022109985352 9
1754923399603 0.6340116858482361 10
1754925012750 0.5717339515686035 11
1754926101814 0.5081560015678406 12
1754928670411 0.4253913164138794 13
1754931738174 0.3894972801208496 14
1754934274881 0.343328595161438 15
1754934470194 0.3013995289802551 16
1754934484671 0.2737295627593994 17
1754934499347 0.23310208320617676 18
1754934513759 0.2121829390525818 19
1754934528200 0.1762373298406601 20
1754934542315 0.1746661365032196 21
1754934556241 0.1648726612329483 22
1754934570196 0.13688430190086365 23
1754934582937 0.12029854208230972 24
1754934597605 0.11299333721399307 25
1754934611410 0.10097416490316391 26
1754934625432 0.09073876589536667 27
1754934639222 0.08784462511539459 28
1754934653198 0.06869512796401978 29
1754934667026 0.0760892853140831 30
1754934680908 0.05740753561258316 31
1754934694709 0.05628411844372749 32
1754934708971 0.04884595051407814 33
1754934722832 0.060302261263132095 34
1754934736822 0.03997160866856575 35
1754934750626 0.037546414881944656 36
1754934764524 0.03997776657342911 37
1754934778599 0.03204740583896637 38
1754934792395 0.03276298940181732 39
1754934806386 0.026095280423760414 40
1754934820117 0.024878451600670815 41
1754934834149 0.033129237592220306 42
1754934847976 0.027149485424160957 43
1754934861871 0.02269558422267437 44
1754934875644 0.024361934512853622 45
1754934889531 0.01968975178897381 46
1754934903372 0.02662035822868347 47
1754934917172 0.020031196996569633 48
1754934931112 0.018336670473217964 49
1754934944777 0.03274260461330414 50
1754934958584 0.016614817082881927 51
1754934972267 0.01983315870165825 52
1754934986007 0.015217475593090057 53
1754934999812 0.012794820591807365 54
1754935013602 0.017468910664319992 55
1754935027419 0.017474379390478134 56
1754935041337 0.017709365114569664 57
1754935054964 0.014546453021466732 58
1754935069075 0.017378633841872215 59
1754935082978 0.0183866024017334 60
1754935097069 0.01620623841881752 61
1754935111089 0.026724763214588165 62
1754935124869 0.013824736699461937 63
1754935138871 0.011741439811885357 64
1754935152478 0.021503077819943428 65
1754936229934 0.01605886220932007 66
1754937565456 0.01764027774333954 67
1754937814172 0.014358610846102238 68
1754937830463 0.017124203965067863 69
1754937844380 0.01763719692826271 70
1754937857997 0.017616797238588333 71
1754937871770 0.019157186150550842 72
1754937885757 0.020008061081171036 73
1754937899655 0.014423326589167118 74
1754937913733 0.01871929131448269 75
1754937927758 0.017931578680872917 76
1754937942025 0.015760937705636024 77
1754937956034 0.017673315480351448 78
1754937969994 0.01771504618227482 79
1754937983915 0.016533024609088898 80
1754937998158 0.018813861533999443 81
1754938012358 0.013879822567105293 82
1754938026656 0.011977650225162506 83
1754938040890 0.013270189985632896 84
1754938055120 0.01436139177531004 85
1754938069228 0.013938747346401215 86
1754938083357 0.015231078490614891 87
1754938097401 0.011535141617059708 88
1754938111485 0.011582095175981522 89
1754938125632 0.012363309971988201 90
1754938139967 0.013753130100667477 91
1754938154410 0.01357794925570488 92
1754938168588 0.009700339287519455 93
1754938182976 0.011743459850549698 94
1754938196968 0.01004053745418787 95
1754938211006 0.016320552676916122 96
1754939134805 0.011942409910261631 97
1754942285615 0.010295234620571136 98
1754945329577 0.010256901383399963 99
1754945506044 0.01016282755881548 100
1754945875185 0.009449038654565811 101
1754945951507 0.010621292516589165 102
1754946060478 0.012074537575244904 103
1754946141107 0.010450826026499271 104
1754946168742 0.011624427512288094 105
1754946205150 0.011839296668767929 106
1754947201259 0.013680234551429749 107
1754948404287 0.011665642261505127 108
1754949343228 0.012088021263480186 109
1754950092950 0.012120257131755352 110
1754950132868 0.011664369143545628 111
1754950279395 0.011379435658454895 112
1754950319483 0.009986835531890392 113
1754950392908 0.00825541839003563 114
1754950977386 0.010739189572632313 115
1754953958847 0.008593957871198654 116
1754956079436 0.012566037476062775 117
1754959115259 0.010501543991267681 118
1754962188886 0.009082145057618618 119
1754964248577 0.009782728739082813 120
1754967202463 0.010919056832790375 121
1754970035182 0.010096351616084576 122
1754972972022 0.008133252151310444 123
1754975740392 0.011862536892294884 124
1754977684927 0.010352414101362228 125
1754979841283 0.006555288098752499 126
1754982064825 0.011368933133780956 127
1754985143754 0.008957011625170708 128
1754987999656 0.010641293600201607 129
1754989913425 0.008235782384872437 130
1754992879423 0.00946888979524374 131
1754995323285 0.0100452471524477 132
1754998393439 0.007402862887829542 133
1755001456413 0.01050813589245081 134
1755003543045 0.008123998530209064 135
1755005570244 0.008710548281669617 136
1755007400093 0.0087852468714118 137
1755009021635 0.008863183669745922 138
1755009468828 0.0065157730132341385 139
1755009898956 0.009320663288235664 140
1755010193158 0.0072781858034431934 141
1755010637826 0.007736673578619957 142
1755011497679 0.011163439601659775 143
1755013963291 0.008646215312182903 144
1755015002223 0.007318869698792696 145
1755016872668 0.007275058887898922 146
1755019706682 0.00890397559851408 147
1755021708127 0.01097565982490778 148
1755024278949 0.008896524086594582 149
1755025561993 0.009914561174809933 150
1755027331022 0.010380014777183533 151
1755029517461 0.0080524617806077 152
1755032084893 0.0066680884920060635 153
1755033297026 0.005802287720143795 154
1755036374225 0.008801097981631756 155
1755037693204 0.0060399239882826805 156
1755037758461 0.007616586051881313 157
1755037778103 0.006115796510130167 158
1755037973502 0.008642256259918213 159
1755038036748 0.008025102317333221 160
1755038050746 0.005846716929227114 161
1755040139031 0.00981167983263731 162
1755042120166 0.0076287719421088696 163
1755044796056 0.007694034371525049 164
1755045176338 0.006109149660915136 165
1755045191071 0.006563544739037752 166
1755045205223 0.007637724746018648 167
1755046231952 0.01038917526602745 168
1755046245819 0.009832711890339851 169
1755046259734 0.009634954854846 170
1755046273711 0.00761055201292038 171
1755046287571 0.006525120232254267 172
1755046301524 0.0064929211512207985 173
1755046315421 0.006814309395849705 174
1755046329332 0.006633571814745665 175
1755046343174 0.006611132062971592 176
1755046357182 0.009703617542982101 177
1755046371153 0.008370848372578621 178
1755047324844 0.00854046456515789 179
1755047338623 0.006866381037980318 180
1755047352589 0.007286426145583391 181
1755047366518 0.007598032709211111 182
1755047380371 0.0071303965523839 183
1755047394410 0.0075972056947648525 184
1755047408331 0.007654195185750723 185
1755047422394 0.00804152525961399 186
1755047436274 0.006078281439840794 187
1755047450270 0.008054756559431553 188
1755047464236 0.011430466547608376 189
1755047478184 0.005062735173851252 190
1755047492009 0.007795817218720913 191
1755047505941 0.01094081625342369 192
1755047520135 0.006582547910511494 193
1755047534780 0.007642039563506842 194
1755047556508 0.008907977491617203 195
1755048513143 0.0072486503049731255 196
1755048527092 0.009621788747608662 197
1755048541004 0.008305021561682224 198
1755048555142 0.007953674532473087 199
1755048568916 0.008605253882706165 200
1755048582811 0.007077010348439217 201
1755048596658 0.0068296100944280624 202
1755048610714 0.00912739709019661 203
1755048624570 0.007883409969508648 204
1755048638588 0.01012589130550623 205
1755048652750 0.008034735918045044 206
1755048666881 0.007770849857479334 207
1755048681870 0.009484713897109032 208
1755048699293 0.008695526048541069 209
1755049650807 0.006287993397563696 210
1755049664614 0.011199534870684147 211
1755049678685 0.009773536585271358 212
1755049692628 0.01030699536204338 213
1755049706625 0.009527117013931274 214
1755049720617 0.009301869198679924 215
1755049734769 0.014146299101412296 216
1755049748802 0.010806940495967865 217
1755049762996 0.009070293977856636 218
1755049777089 0.010205612517893314 219
1755049791172 0.008859021589159966 220
1755049805464 0.009976583532989025 221
1755049820421 0.011064419522881508 222
1755049841105 0.011037959717214108 223
1755050792327 0.013279911130666733 224
1755050806636 0.010595673695206642 225
1755050820798 0.014756754972040653 226
1755050835104 0.012800672091543674 227
1755050849260 0.009637191891670227 228
1755050863490 0.011097555980086327 229
1755050877828 0.010830876417458057 230
1755050892115 0.014329665340483189 231
1755050906461 0.013081713579595089 232
1755050921108 0.010336433537304401 233
1755050936501 0.013277885504066944 234
1755050954899 0.011095522902905941 235
1755051891932 0.01042056456208229 236
1755051906077 0.012278163805603981 237
1755051920422 0.011233373545110226 238
1755051934591 0.009757994674146175 239
1755051948907 0.011430124752223492 240
1755051963012 0.011494841426610947 241
1755051977262 0.011542459949851036 242
1755051991494 0.013511029072105885 243
1755052005695 0.010458085685968399 244
1755052019999 0.01377605926245451 245
1755052034949 0.013102961704134941 246
1755052052389 0.014278935268521309 247
1755052457673 0.011445690877735615 248
1755052471702 0.009829081594944 249
1755052485507 0.00988162960857153 250
1755052499586 0.008385158143937588 251
1755053428217 0.009861897677183151 252
1755053442522 0.011693434789776802 253
1755053456794 0.012430792674422264 254
1755053470938 0.011852340772747993 255
1755053485191 0.010929790325462818 256
1755053499270 0.009960319846868515 257
1755053513329 0.011680202558636665 258
1755053527230 0.008369477465748787 259
1755053541253 0.00862144585698843 260
1755053555279 0.012022190727293491 261
1755053570613 0.00739534106105566 262
1755053589998 0.010005340911448002 263
1755054551571 0.008218741044402122 264
1755054565677 0.012477360665798187 265
1755054579887 0.011301122605800629 266
1755054594138 0.006709340028464794 267
1755054608199 0.008835996501147747 268
1755054622419 0.009011104702949524 269
1755054636537 0.008443152531981468 270
1755054650800 0.013752095401287079 271
1755054664902 0.009880779311060905 272
1755054679374 0.006060157436877489 273
1755054694362 0.007181610446423292 274
1755054713718 0.007612754125148058 275
1755055689814 0.007265939377248287 276
1755055704085 0.009770037606358528 277
1755055718143 0.010670637711882591 278
1755055732371 0.010699580423533916 279
1755055746602 0.00816601887345314 280
1755055760703 0.007132542785257101 281
1755055774912 0.0076633780263364315 282
1755055789025 0.007554161362349987 283
1755055803267 0.00785552617162466 284
1755055817634 0.010984422639012337 285
1755055832996 0.007448177319020033 286
1755055852235 0.007098249159753323 287
1755056858003 0.007052818313241005 288
1755056872084 0.011804956011474133 289
1755056886408 0.006204479839652777 290
1755056900719 0.0115426080301404 291
1755056914960 0.007669038139283657 292
1755056929397 0.00885375402867794 293
1755056943632 0.010804560035467148 294
1755056958030 0.008857592940330505 295
1755056972336 0.00811769999563694 296
1755056986918 0.006866925861686468 297
1755057002147 0.007093967404216528 298
1755057021024 0.0067125968635082245 299
1755057818426 0.0077777742408216 300
1755057832714 0.008008799515664577 301
1755057846853 0.007187954615801573 302
1755057861196 0.006148521788418293 303
1755057875563 0.008811550214886665 304
1755057889817 0.007104174233973026 305
1755057904251 0.006265497300773859 306
1755057918530 0.006947418674826622 307
1755057932830 0.005846018437296152 308
1755057947810 0.006311092991381884 309
1755057966069 0.0075896005146205425 310
1755058465957 0.007167492527514696 311
1755058479995 0.007830292917788029 312
1755058493934 0.008156951516866684 313
1755058868921 0.007420505862683058 314
1755058883003 0.00827263668179512 315
1755058896975 0.005781914573162794 316
1755059211822 0.006595462094992399 317
1755059226009 0.007753881625831127 318
1755059240404 0.007727529387921095 319
1755059254584 0.008291229605674744 320
1755059269008 0.007246342487633228 321
1755059283220 0.005412250757217407 322
1755059297602 0.007546268403530121 323
1755059311910 0.0066210119985044 324
1755059326335 0.007458291947841644 325
1755059340939 0.01062201987951994 326
1755059356881 0.006298542488366365 327
1755059679552 0.007597147952765226 328
1755059693530 0.006117505487054586 329
1755059707459 0.0060069928877055645 330
1755059721360 0.007509898394346237 331
1755060036149 0.007195733021944761 332
1755060050057 0.008918244391679764 333
1755060064117 0.0067089819349348545 334
1755061108019 0.009141810238361359 335
1755061122418 0.006673118565231562 336
1755061136606 0.0059394617564976215 337
1755061150991 0.009548025205731392 338
1755061165430 0.007563075050711632 339
1755061179777 0.0068532987497746944 340
1755061194167 0.0070439549162983894 341
1755061208462 0.009504750370979309 342
1755061222854 0.005944801960140467 343
1755061237099 0.007016458082944155 344
1755061251713 0.005505627486854792 345
1755061266792 0.007294494193047285 346
1755061282365 0.008801918476819992 347
1755061297995 0.007290989626199007 348
1755061320035 0.007363705430179834 349
1755062258081 0.009130459278821945 350
1755062272342 0.006551187019795179 351
1755062286670 0.012626681476831436 352
1755062300894 0.0075848763808608055 353
1755062315193 0.009434960782527924 354
1755062329488 0.007698824629187584 355
1755062343846 0.0074196853674948215 356
1755062358127 0.006824330426752567 357
1755062372591 0.010962518863379955 358
1755062386830 0.010331748984754086 359
1755062401750 0.009855900891125202 360
1755062416866 0.007560517638921738 361
1755062432418 0.007007270585745573 362
1755062450867 0.00932387262582779 363
1755063469438 0.00959372241050005 364
1755063483646 0.008814813569188118 365
1755063497660 0.009863827377557755 366
1755063511794 0.011287352070212364 367
1755063525786 0.01145023014396429 368
1755063540030 0.008379001170396805 369
1755063554138 0.009641723707318306 370
1755063568364 0.007564112544059753 371
1755063582425 0.008768601343035698 372
1755063596665 0.007979304529726505 373
1755063610830 0.009171191602945328 374
1755063625731 0.01042052824050188 375
1755063640983 0.009064234793186188 376
1755063656346 0.011625132523477077 377
1755063676688 0.012656468898057938 378
1755064664593 0.008680690079927444 379
1755064678802 0.00784644577652216 380
1755064692854 0.01232315506786108 381
1755065729119 0.011826290749013424 382
1755065742821 0.007178264204412699 383
1755065756837 0.012470400892198086 384
1755065770861 0.011647120118141174 385
1755065785053 0.011976250447332859 386
1755065799223 0.011080320924520493 387
1755065813296 0.012210316956043243 388
1755065827563 0.008536805398762226 389
1755065841721 0.010101870633661747 390
1755065856033 0.010197602212429047 391
1755065870227 0.014428230002522469 392
1755065884421 0.008070274256169796 393
1755065899167 0.009303178638219833 394
1755065914438 0.012216965667903423 395
1755065929905 0.01202657725661993 396
1755065945970 0.010800936259329319 397
1755065961672 0.009522033855319023 398
1755065985533 0.007437004707753658 399
1755066567711 0.00839589536190033 400
1755066581779 0.012035510502755642 401
1755066596001 0.010415775701403618 402
1755067510988 0.00702504999935627 403
1755067525251 0.008609822019934654 404
1755067539433 0.010713845491409302 405
1755067553801 0.010670767165720463 406
1755067568014 0.01086909044533968 407
1755067582451 0.013246138580143452 408
1755067596741 0.011312042362987995 409
1755067611210 0.0077434019185602665 410
1755067625460 0.01095884945243597 411
1755067639893 0.011149673722684383 412
1755067654342 0.011095648631453514 413
1755067668998 0.009308019652962685 414
1755067684298 0.011011496186256409 415
1755067699719 0.010891600511968136 416
1755067715649 0.008891788311302662 417
1755067734531 0.008476349525153637 418
1755068656656 0.009254498407244682 419
1755068670667 0.011073486879467964 420
1755068684881 0.00998979713767767 421
1755068698975 0.009261609986424446 422
1755068713248 0.010335157625377178 423
1755068727476 0.010807109996676445 424
1755068741677 0.008424713276326656 425
1755068755900 0.011011444963514805 426
1755068770075 0.011376215144991875 427
1755068784366 0.007363730110228062 428
1755068798634 0.007889832369983196 429
1755068813620 0.008101713843643665 430
1755068828864 0.007010127883404493 431
1755068844463 0.008979439735412598 432
1755068864440 0.011812683194875717 433
1755069783083 0.010859108529984951 434
1755069796924 0.011452214792370796 435
1755069811197 0.007766603957861662 436
1755069825442 0.008349483832716942 437
1755069839643 0.010888013057410717 438
1755069853923 0.009854715317487717 439
1755069868130 0.008478287607431412 440
1755069882404 0.007808429654687643 441
1755069896539 0.007406489923596382 442
1755069910840 0.005944972857832909 443
1755069925234 0.005642017349600792 444
1755069940658 0.007298220880329609 445
1755069956062 0.007436862215399742 446
1755069972585 0.011089439503848553 447
1755070957039 0.006798536982387304 448
1755070971383 0.0067339809611439705 449
1755070985721 0.010844491422176361 450
1755070999847 0.009551702067255974 451
1755071014176 0.008863762952387333 452
1755071028371 0.007262732367962599 453
1755071042758 0.006467019207775593 454
1755071056963 0.0055793775245547295 455
1755071071478 0.00985791441053152 456
1755071085830 0.008608692325651646 457
1755071100985 0.008872375823557377 458
1755071116492 0.009483753703534603 459
1755071136981 0.008753320202231407 460
1755072074865 0.007264581508934498 461
1755072089090 0.012924987822771072 462
1755072103384 0.008852111175656319 463
1755072117582 0.008199816569685936 464
1755072131850 0.0071212779730558395 465
1755072145937 0.008262870833277702 466
1755072160239 0.00884977262467146 467
1755072174405 0.004981426987797022 468
1755072188762 0.01125799585133791 469
1755072203154 0.00768163101747632 470
1755072218742 0.008338669314980507 471
1755072236889 0.006967863067984581 472
1755073203944 0.00619929376989603 473
1755073218165 0.009284473955631256 474
1755073232264 0.008879510685801506 475
1755073246500 0.006416407413780689 476
1755073260660 0.007276175078004599 477
1755073274993 0.007039839867502451 478
1755073289177 0.006420597899705172 479
1755073303552 0.007701003924012184 480
1755073317832 0.008055047132074833 481
1755073332181 0.00939664151519537 482
1755073347234 0.010231849737465382 483
1755073362695 0.008530287072062492 484
1755074345358 0.00785464234650135 485
1755074359597 0.00867962185293436 486
1755074373842 0.00502402801066637 487
1755074387901 0.010549033991992474 488
1755074402207 0.006705811247229576 489
1755074416300 0.006406177766621113 490
1755074430684 0.008752315305173397 491
1755074444835 0.007340069394558668 492
1755074459218 0.0088078947737813 493
1755074473369 0.008141002617776394 494
1755074488611 0.00688816886395216 495
1755074504242 0.0071376715786755085 496
1755074527076 0.0076378146186470985 497
1755075525354 0.006648278795182705 498
1755075539217 0.009133124724030495 499
1755075553549 0.008007286116480827 500
1755075567856 0.007856861688196659 501
1755075582295 0.005974734202027321 502
1755075596567 0.008800613693892956 503
1755075611026 0.006342360749840736 504
1755075625219 0.006598328240215778 505
1755075639642 0.010021793656051159 506
1755075654106 0.005700442474335432 507
1755075669536 0.006306683644652367 508
1755075689361 0.007470760494470596 509
1755076608900 0.007040969096124172 510
1755076623258 0.005989838857203722 511
1755076637491 0.006251560524106026 512
1755076651803 0.009328625164926052 513
1755076665960 0.009221946820616722 514
1755076680356 0.005932257976382971 515
1755076694603 0.007798658683896065 516
1755076709006 0.006784757133573294 517
1755076723288 0.006165134254842997 518
1755076737775 0.008452785201370716 519
1755076752966 0.010328328236937523 520
1755076768516 0.0073326099663972855 521
1755076791366 0.006057429127395153 522
1755077876517 0.007738316431641579 523
1755077890831 0.0075441268272697926 524
1755077904959 0.010725488886237144 525
1755077919244 0.01018060464411974 526
1755077933339 0.008035317063331604 527
1755077947636 0.007448905613273382 528
1755078171638 0.008651630952954292 529
1755078186030 0.008191073313355446 530
1755078200163 0.0060355328023433685 531
1755078214448 0.0095344427973032 532
1755078228710 0.007139360066503286 533
1755078242859 0.0074320905841887 534
1755078257124 0.007968796417117119 535
1755078271320 0.007581326644867659 536
1755078285626 0.00797946099191904 537
1755078300589 0.010541576892137527 538
1755078316120 0.0072799380868673325 539
1755078338458 0.008900322951376438 540
1755079338650 0.006031306926161051 541
1755079352774 0.011799762025475502 542
1755079367069 0.009564792737364769 543
1755079381255 0.007015816867351532 544
1755079395572 0.01010686531662941 545
1755079409842 0.010454435832798481 546
1755079423999 0.010409753769636154 547
1755079438259 0.005982094444334507 548
1755079452434 0.00685237068682909 549
1755079466705 0.006319510750472546 550
1755079481418 0.011742068454623222 551
1755079496874 0.00956371333450079 552
1755079512393 0.010270507074892521 553
1755079534827 0.008457880467176437 554
1755080455245 0.009887252934277058 555
1755080469652 0.011392483487725258 556
1755080483982 0.006387930363416672 557
1755080498202 0.007517553865909576 558
1755080512681 0.012357397004961967 559
1755080526944 0.006754100322723389 560
1755080541354 0.008360168896615505 561
1755080555687 0.009545354172587395 562
1755080570085 0.010012813843786716 563
1755080584426 0.008946377784013748 564
1755080599657 0.011853541247546673 565
1755080615182 0.009223802015185356 566
1755080630895 0.01090147439390421 567
1755080653908 0.011472667567431927 568
1755080879243 0.010252462700009346 569
1755080893578 0.008521759882569313 570
1755080907839 0.010715016163885593 571
1755081828832 0.01130024902522564 572
1755081842819 0.013141303323209286 573
1755081857155 0.013214909471571445 574
1755081871286 0.010072414763271809 575
1755081885538 0.009997422806918621 576
1755081899683 0.01177630852907896 577
1755081913968 0.012851262465119362 578
1755081928137 0.011658714152872562 579
1755081942507 0.010850189253687859 580
1755081956963 0.011120916344225407 581
1755081971525 0.011656501330435276 582
1755081986955 0.010109581053256989 583
1755082002679 0.014349265955388546 584
1755082022873 0.01042915415018797 585
1755083045186 0.013087708503007889 586
1755083059555 0.017034487798810005 587
1755083073769 0.008832639083266258 588
1755083088158 0.010624721646308899 589
1755083102395 0.011549539864063263 590
1755083116721 0.011772307567298412 591
1755083130909 0.01150600891560316 592
1755083145295 0.018640154972672462 593
1755083159676 0.011740848422050476 594
1755083173961 0.009084271267056465 595
1755083188574 0.010866548866033554 596
1755083203606 0.010109171271324158 597
1755083219282 0.012572446838021278 598
1755083234782 0.01595376245677471 599
1755083257670 0.01213068701326847 600
1755084312739 0.009687947109341621 601
1755084327133 0.010280461050570011 602
1755084341292 0.011544539593160152 603
1755084355643 0.010981671512126923 604
1755084369890 0.01221887394785881 605
1755084384033 0.011548037640750408 606
1755084398260 0.014813367277383804 607
1755084412461 0.013056391850113869 608
1755084426809 0.011662278324365616 609
1755084441080 0.011039949022233486 610
1755084455828 0.012492658570408821 611
1755084470917 0.01075931265950203 612
1755084486461 0.009299547411501408 613
1755084502108 0.01176760345697403 614
1755085455251 0.008599345572292805 615
1755085469884 0.008537844754755497 616
1755085484141 0.009448363445699215 617
1755085498360 0.011791328899562359 618
1755085512500 0.00847566407173872 619
1755085526737 0.008948243223130703 620
1755085540921 0.012725572101771832 621
1755085555172 0.006486906670033932 622
1755085569356 0.005872409325093031 623
1755085583719 0.011303737759590149 624
1755085598389 0.009609537199139595 625
1755085614004 0.007797601167112589 626
1755085629399 0.007678638212382793 627
1755085652292 0.007916313596069813 628
1755087717934 0.007243514992296696 629
1755090155555 0.008248726837337017 630
1755093195599 0.009215924888849258 631
1755095194610 0.009404144249856472 632
1755098126572 0.010702898725867271 633
1755101092680 0.007544956635683775 634
1755102962178 0.007281901314854622 635
1755105932829 0.006323511246591806 636
1755108907679 0.007666521705687046 637
1755110292385 0.007068248465657234 638
1755111334907 0.006054589059203863 639
1755114495666 0.00709135876968503 640
1755116436610 0.006531520746648312 641
1755119614495 0.00752463610842824 642
1755121538382 0.007018516305834055 643
1755124205665 0.010197620838880539 644
1755125736413 0.00696865189820528 645
1755128680883 0.007214763201773167 646
1755131136683 0.008431624621152878 647
1755133636736 0.006298955529928207 648
1755136567634 0.006011889781802893 649
1755138609685 0.007280126214027405 650
1755140944227 0.007096292916685343 651
1755143944405 0.005450335796922445 652
1755146060274 0.007028678897768259 653
1755148208033 0.0071677034720778465 654
1755151135763 0.006966107990592718 655
1755154171653 0.008048397488892078 656
1755156298564 0.0053214989602565765 657
1755158391345 0.006814481690526009 658
1755161401168 0.006061228923499584 659
1755163618914 0.006003264337778091 660
1755166594964 0.007024780381470919 661
1755169470020 0.004914562217891216 662
1755171712704 0.00566513929516077 663
1755174405824 0.007563910912722349 664
1755176369733 0.007985638454556465 665
1755179175375 0.00778611097484827 666
1755180265247 0.009313931688666344 667
1755182721760 0.0074663711711764336 668
1755184003610 0.006362784653902054 669
1755184427545 0.0066953180357813835 670
1755184892674 0.007129287347197533 671
1755186797354 0.0065920064225792885 672
1755188223130 0.005544796120375395 673
1755189272934 0.008731232024729252 674
1755191224072 0.007054669316858053 675
1755193705895 0.00585117656737566 676
1755196040075 0.007861994206905365 677
1755197960622 0.007421397604048252 678
1755199790355 0.007124941796064377 679
1755201824297 0.010989712551236153 680
1755201839491 0.008672851137816906 681
1755201853951 0.008245047181844711 682
1755201868526 0.008534657768905163 683
1755202027844 0.007934052497148514 684
1755202042252 0.007446697913110256 685
1755202055911 0.0048688543029129505 686
1755202070162 0.00705654127523303 687
1755202084201 0.006318626459687948 688
1755202100084 0.008387529291212559 689
1755203509628 0.006533223204314709 690
1755205700528 0.006846118252724409 691
1755207895549 0.007240354549139738 692
1755209192945 0.011353528127074242 693
1755211233284 0.006739004515111446 694
1755213033802 0.007905705831944942 695
1755215516609 0.0077255647629499435 696
1755218316196 0.005995500832796097 697
1755221288626 0.0060418834909796715 698
1755222075841 0.0077211507596075535 699
1755222089869 0.008483890444040298 700
1755222103747 0.007706346921622753 701
1755223159216 0.00739295082166791 702
1755223173174 0.009316378273069859 703
1755223187158 0.010825621895492077 704
1755223201190 0.00934192817658186 705
1755223215186 0.007298918440937996 706
1755223229270 0.0077789705246686935 707
1755223243308 0.010464499704539776 708
1755224221039 0.008425572887063026 709
1755224234879 0.008561364375054836 710
1755224248921 0.007702718023210764 711
1755225224507 0.007354273460805416 712
1755225238491 0.00756435701623559 713
1755225252544 0.012684439308941364 714
1755226282297 0.013166188262403011 715
1755226296402 0.00698087690398097 716
1755226310345 0.009003646671772003 717
1755226324505 0.008141588419675827 718
1755226338370 0.010178390890359879 719
1755227380997 0.01092869695276022 720
1755227394760 0.011461243964731693 721
1755227408674 0.013548997230827808 722
1755227422637 0.00881988275796175 723
1755227436590 0.01064355205744505 724
1755227450562 0.007906995713710785 725
1755227464619 0.01133214496076107 726
1755228378572 0.012887848541140556 727
1755228392458 0.013186397962272167 728
1755228406519 0.00847974419593811 729
1755229403368 0.012221192009747028 730
1755229417577 0.008048917166888714 731
1755229431520 0.014512648805975914 732
1755230413355 0.012886608019471169 733
1755230427492 0.011994294822216034 734
1755230441549 0.011025111190974712 735
1755230455617 0.013718409463763237 736
1755231391227 0.010703454725444317 737
1755231405290 0.008729237131774426 738
1755231419184 0.010074452497065067 739
1755231433275 0.012325158342719078 740
1755231447296 0.014955010265111923 741
1755231461426 0.009896703995764256 742
1755231475474 0.011918824166059494 743
1755232145680 0.012086840346455574 744
1755232159680 0.011283889412879944 745
1755232173798 0.0071289860643446445 746
1755232607895 0.012994409538805485 747
1755232622088 0.009537048637866974 748
1755232636181 0.011707433499395847 749
1755232650232 0.011237284168601036 750
1755232664342 0.012854437343776226 751
1755232678295 0.012787233106791973 752
1755232692330 0.010762897320091724 753
1755232706256 0.013060963712632656 754
1755232720434 0.015758492052555084 755
1755232734460 0.010501019656658173 756
1755232748601 0.009468037635087967 757
1755232762530 0.009356711991131306 758
1755232776712 0.010770286433398724 759
1755233090843 0.01084230374544859 760
1755233104918 0.008906221948564053 761
1755233119009 0.012132176198065281 762
1755233432715 0.014911656267940998 763
1755233446687 0.010492425411939621 764
1755233460714 0.0073189507238566875 765
1755233474828 0.013386107981204987 766
1755233788561 0.008650761097669601 767
1755233802655 0.00886244885623455 768
1755233816682 0.009721890091896057 769
1755233830867 0.008476711809635162 770
1755233844928 0.010537113063037395 771
1755233859108 0.00733686750754714 772
1755233873170 0.014934737235307693 773
1755233887393 0.011344322934746742 774
1755233901515 0.008437433280050755 775
1755233915645 0.008443879894912243 776
1755233929909 0.008676208555698395 777
1755233944433 0.009420817717909813 778
1755233963509 0.013820449821650982 779
1755234280599 0.008566310629248619 780
1755234294902 0.008841950446367264 781
1755234308872 0.01088770106434822 782
1755235251714 0.00986963789910078 783
1755235265753 0.00815984234213829 784
1755235280005 0.009666167199611664 785
1755235294186 0.0066216131672263145 786
1755235308354 0.007367948070168495 787
1755235322576 0.008540624752640724 788
1755236315592 0.00983308907598257 789
1755236329695 0.009366543963551521 790
1755236343806 0.008693838492035866 791
1755237175776 0.0060744015499949455 792
1755237189879 0.006241651717573404 793
1755237204136 0.006098455283790827 794
1755238224033 0.00699800718575716 795
1755238238362 0.007629712577909231 796
1755238252417 0.006893086712807417 797
1755238266740 0.012450847774744034 798
1755239216766 0.008270367980003357 799
1755239230786 0.008193502202630043 800
1755239245036 0.007248774170875549 801
1755239259052 0.008586490526795387 802
1755239273170 0.008614732883870602 803
1755239287217 0.007869954220950603 804
1755239301391 0.005799204111099243 805
1755239315465 0.007426197174936533 806
1755239329724 0.006758279167115688 807
1755239343830 0.008373986929655075 808
1755239358055 0.00768623873591423 809
1755239372127 0.01109565980732441 810
1755239386354 0.007105971686542034 811
1755239400637 0.0066431742161512375 812
1755239415347 0.0058144167996943 813
1755239430188 0.007352418266236782 814
1755239445053 0.005352235399186611 815
1755239460515 0.009118858724832535 816
1755239475595 0.006357107777148485 817
1755239491431 0.006633408833295107 818
1755239514325 0.007059293333441019 819
1755240497724 0.007393002975732088 820
1755240511704 0.008913167752325535 821
1755240525899 0.007261152844876051 822
1755240540063 0.005620976909995079 823
1755240554173 0.007812217343598604 824
1755240568393 0.005509641952812672 825
1755240582555 0.007222314365208149 826
1755240596788 0.006064421962946653 827
1755240610984 0.007792784366756678 828
1755240625469 0.00803343765437603 829
1755240639709 0.0051863063126802444 830
1755240653995 0.006371667142957449 831
1755240668205 0.008473845198750496 832
1755240683148 0.008856837637722492 833
1755240698320 0.008590593934059143 834
1755240713801 0.008296769112348557 835
1755240734387 0.007558257319033146 836
1755241653808 0.006161393132060766 837
1755241667989 0.006746407598257065 838
1755241682001 0.00957114715129137 839
1755242595961 0.009309920482337475 840
1755242609874 0.008484902791678905 841
1755242624073 0.007697220426052809 842
1755242638194 0.006220043636858463 843
1755242652503 0.008944550529122353 844
1755242666757 0.007846958003938198 845
1755242681146 0.010904835537075996 846
1755242695349 0.00860547460615635 847
1755242709693 0.006877355743199587 848
1755242724062 0.00950049888342619 849
1755242738450 0.009659840725362301 850
1755242752769 0.01393845397979021 851
1755242767074 0.007623886689543724 852
1755242782004 0.010592518374323845 853
1755242797150 0.007327067665755749 854
1755242812917 0.013069220818579197 855
1755242832523 0.011155021376907825 856
1755243753197 0.007498797494918108 857
1755243767207 0.013485360890626907 858
1755243781494 0.011953005567193031 859
1755243795664 0.00610036076977849 860
1755243809743 0.010604074224829674 861
1755243824045 0.009179525077342987 862
1755243838165 0.008463414385914803 863
1755243852435 0.01367054134607315 864
1755243866462 0.009216926991939545 865
1755243880744 0.012646195478737354 866
1755243894855 0.012536506168544292 867
1755243909124 0.010772458277642727 868
1755243923107 0.01109506655484438 869
1755244049530 0.009259399957954884 870
1755244063841 0.008534729480743408 871
1755244078025 0.010461454279720783 872
1755244438778 0.012847533449530602 873
1755244452927 0.01223557535558939 874
1755244467186 0.010178528726100922 875
1755245381171 0.008965970017015934 876
1755245395605 0.010730477049946785 877
1755245409851 0.010042797774076462 878
1755246356935 0.009922243654727936 879
1755246371178 0.011211379431188107 880
1755246385553 0.00929232593625784 881
1755246399708 0.010472763329744339 882
1755247317704 0.010263989679515362 883
1755247331951 0.008670363575220108 884
1755247345988 0.009936625137925148 885
1755248370137 0.011286391876637936 886
1755248384416 0.008243893273174763 887
1755248398656 0.008981436491012573 888
1755248412831 0.00982452742755413 889
1755248427108 0.007929252460598946 890
1755248441294 0.009821731597185135 891
1755248455709 0.007542990613728762 892
1755248469911 0.010536487214267254 893
1755248484335 0.009341045282781124 894
1755248498735 0.007407892029732466 895
1755248513052 0.008244402706623077 896
1755248527377 0.010982286185026169 897
1755248541697 0.008035986684262753 898
1755248556549 0.008438068442046642 899
1755248571808 0.009581094607710838 900
1755248593646 0.008118905127048492 901
1755249538321 0.011697127483785152 902
1755249552469 0.010212073102593422 903
1755249566478 0.008530229330062866 904
1755249580684 0.008365522138774395 905
1755249594730 0.008271579630672932 906
1755249609044 0.008738504722714424 907
1755249623399 0.0076987165957689285 908
1755249637666 0.007792924530804157 909
1755249651954 0.009774425067007542 910
1755249666126 0.009118706919252872 911
1755249680448 0.00929251965135336 912
1755249694676 0.006294983439147472 913
1755249709947 0.008878475986421108 914
1755249731151 0.009384317323565483 915
1755250647656 0.008426032960414886 916
1755250661617 0.006757414899766445 917
1755250675865 0.00880330242216587 918
1755251589640 0.007756432518362999 919
1755251603529 0.010041067376732826 920
1755251617590 0.009661941789090633 921
1755252532839 0.007581223733723164 922
1755252547029 0.010465960018336773 923
1755252561109 0.006488441489636898 924
1755253561999 0.00792273785918951 925
1755253576153 0.006878749933093786 926
1755253590334 0.009259460493922234 927
1755253604404 0.0070986333303153515 928
1755253618591 0.01096265111118555 929
1755253632632 0.006699749734252691 930
1755253646876 0.007231672294437885 931
1755253661144 0.008462730795145035 932
1755253675276 0.007581038866192102 933
1755253689426 0.008268671110272408 934
1755253703535 0.007708724122494459 935
1755253717774 0.00886661745607853 936
1755253731925 0.008639853447675705 937
1755253746214 0.008165120147168636 938
1755253760699 0.009732723236083984 939
1755253775834 0.008776570670306683 940
1755253791050 0.009592639282345772 941
1755253806702 0.010369655676186085 942
1755253826929 0.006326240487396717 943
1755254781843 0.009360022842884064 944
1755254796125 0.009794795885682106 945
1755254810249 0.009040448814630508 946
1755254824467 0.009361089207231998 947
1755254838535 0.007868214510381222 948
1755256907047 0.009797750040888786 949
1755258035613 0.006984421517699957 950
1755260943811 0.008912011981010437 951
1755262360594 0.009111281484365463 952
1755263307376 0.009213659912347794 953
1755266375554 0.011529281735420227 954
1755269443948 0.008734520524740219 955
1755271033842 0.008623957633972168 956
1755272750007 0.009962291456758976 957
1755272768242 0.008865153416991234 958
1755272782457 0.009488653391599655 959
1755272796770 0.007635720539838076 960
1755272810952 0.006252797786146402 961
1755272826359 0.008178467862308025 962
1755272840047 0.008189733140170574 963
1755272854033 0.008698202669620514 964
1755273782019 0.011212269775569439 965
1755273796256 0.008244773373007774 966
1755273810079 0.010387593880295753 967
1755273824075 0.008483200334012508 968
1755273838032 0.0058825258165597916 969
1755273851671 0.011720912531018257 970
1755273865866 0.008237597532570362 971
1755273879699 0.008713941089808941 972
1755273893728 0.010929178446531296 973
1755273907804 0.0070384168066084385 974
1755273922285 0.009626940824091434 975
1755273936207 0.01092476211488247 976
1755273950356 0.009157394990324974 977
1755273964283 0.010026009753346443 978
1755273978348 0.008450555615127087 979
1755273992478 0.008306865580379963 980
1755274006453 0.00725860008969903 981
1755274020647 0.006844593212008476 982
1755274034683 0.011315753683447838 983
1755274048888 0.007972494699060917 984
1755274063050 0.007974780164659023 985
1755274077297 0.009388374164700508 986
1755274091380 0.010054080747067928 987
1755274105661 0.015155869536101818 988
1755274120066 0.008309520781040192 989
1755274134293 0.01316412165760994 990
1755274148354 0.00964121799916029 991
1755274162649 0.010268223471939564 992
1755274176850 0.01089153066277504 993
1755274190860 0.009816830046474934 994
1755274205499 0.01339176669716835 995
1755274220135 0.011612138710916042 996
1755274234586 0.013681282289326191 997
1755274248412 0.008080040104687214 998
1755274262602 0.0116438502445817 999
1755274276863 0.013181999325752258 1000
1755274290940 0.010691887699067593 1001
1755274304843 0.010739224031567574 1002
1755274318803 0.011597961187362671 1003
1755274332754 0.00753254909068346 1004
1755274346824 0.009500272572040558 1005
1755274360855 0.013060513883829117 1006
1755274374947 0.008284548297524452 1007
1755274388926 0.010124573484063148 1008
1755274402962 0.010720056481659412 1009
1755274417033 0.011756506748497486 1010
1755274430980 0.010088307783007622 1011
1755274445158 0.00942982453852892 1012
1755274459110 0.012991822324693203 1013
1755274473282 0.009985364973545074 1014
1755274487391 0.01333365123718977 1015
1755274501634 0.008814510889351368 1016
1755274515874 0.01679265685379505 1017
1755274530140 0.013337943702936172 1018
1755274544369 0.012074277736246586 1019
1755274558645 0.011787721887230873 1020
1755274572894 0.014104275032877922 1021
1755274587233 0.010591510683298111 1022
1755274601745 0.009316245093941689 1023
1755274616003 0.009563010185956955 1024
1755274630407 0.010912573896348476 1025
1755274644644 0.011439873836934566 1026
1755274659024 0.008546697907149792 1027
1755274673257 0.010976992547512054 1028
1755274687447 0.01319981925189495 1029
1755274701989 0.011095904745161533 1030
1755274716235 0.012103746645152569 1031
1755274730553 0.011449722573161125 1032
1755274744824 0.01192562934011221 1033
1754913993978 2.2349298000335693 0
