1753818100674 1.9393361806869507 0
1753818105783 1.0270663499832153 1
1753818110745 0.8064616918563843 2
1753818115629 0.7222367525100708 3
1753818121002 0.6081125736236572 4
1753818126013 0.585342288017273 5
1753818131047 0.565311074256897 6
1753818136755 0.4887080192565918 7
1753818143588 0.4685521423816681 8
1753818150364 0.46182358264923096 9
1753818157102 0.4347204267978668 10
1753818163990 0.4208650588989258 11
1753818170400 0.4204246699810028 12
1753818176964 0.41162970662117004 13
1753818183485 0.40376463532447815 14
1753818190334 0.3839578330516815 15
1753818196769 0.37302735447883606 16
1753818203105 0.37575817108154297 17
1753818209792 0.3636014759540558 18
1753818216325 0.3444567620754242 19
1753818222118 0.3530808389186859 20
1753818227320 0.35340267419815063 21
1753818233537 0.33617159724235535 22
1753818240054 0.3217865824699402 23
1753818246485 0.30492183566093445 24
1753818253300 0.30600330233573914 25
1753818259829 0.2960430383682251 26
1753818266236 0.30951574444770813 27
1753818272975 0.2856103777885437 28
1753818279701 0.28229960799217224 29
1753818286689 0.29418978095054626 30
1753818293044 0.25910893082618713 31
1753818299854 0.26548755168914795 32
1753818306350 0.2546755075454712 33
1753818313072 0.28343671560287476 34
1753818318413 0.2603835463523865 35
1753818323545 0.25047218799591064 36
1753818329967 0.2599853575229645 37
1753818336518 0.25122201442718506 38
1753818343288 0.24458377063274384 39
1753818350047 0.2184309959411621 40
1753818356595 0.2317570000886917 41
1753818363270 0.2372894138097763 42
1753818369993 0.221823588013649 43
1753818376500 0.22100648283958435 44
1753818383106 0.2198110967874527 45
1753818389746 0.2142738401889801 46
1753818396277 0.20816761255264282 47
1753818402784 0.19032159447669983 48
1753818409336 0.22062727808952332 49
1753818414664 0.21443550288677216 50
1753818420352 0.1868024468421936 51
1753818426899 0.19168902933597565 52
1753818433702 0.18473020195960999 53
1753818440265 0.1847677230834961 54
1753818446884 0.17799946665763855 55
1753818453717 0.18163862824440002 56
1753818460352 0.19230882823467255 57
1753818466829 0.17634931206703186 58
1753818473617 0.16271373629570007 59
1753818480473 0.16279219090938568 60
1753818486889 0.17469792068004608 61
1753818493329 0.159203439950943 62
1753818500326 0.17836984992027283 63
1753818506002 0.157563254237175 64
1753818510951 0.16390614211559296 65
1753818517167 0.15060271322727203 66
1753818524215 0.15406876802444458 67
1753818530869 0.15002141892910004 68
1753818537454 0.14386768639087677 69
1753818544594 0.15341122448444366 70
1753818551400 0.14855337142944336 71
1753818558070 0.13993079960346222 72
1753818564688 0.15919430553913116 73
1753818571690 0.1473395973443985 74
1753818578048 0.133378803730011 75
1753818584537 0.12304238975048065 76
1753818591438 0.130548357963562 77
1753818598258 0.13087287545204163 78
1753818603230 0.13682103157043457 79
1753818608549 0.12311921268701553 80
1753818615372 0.13253869116306305 81
1753818621812 0.1325978934764862 82
1753818628307 0.13162216544151306 83
1753818635226 0.13353945314884186 84
1753818641964 0.12560182809829712 85
1753818648359 0.12187278270721436 86
1753818654944 0.11968252807855606 87
1753818661935 0.12351538240909576 88
1753818668402 0.11712539941072464 89
1753818674847 0.11961962282657623 90
1753818681638 0.11198589205741882 91
1753818688413 0.12296857684850693 92
1753818694849 0.11275003105401993 93
1753818699912 0.11333838105201721 94
1753818705723 0.10874466598033905 95
1753818711941 0.10754799097776413 96
1753818718468 0.10474207997322083 97
1753818725287 0.10193352401256561 98
1753818732249 0.10867827385663986 99
1753818100674 1.9393361806869507 0
