1752630054656 0.018823573365807533 0
1752630065748 -0.7052621841430664 1
1752630076647 -1.1554594039916992 2
1752630087678 -1.643114686012268 3
1752630098767 -1.9689128398895264 4
1752630110112 -2.1024224758148193 5
1752630121185 -2.268312454223633 6
1752630132251 -2.374282121658325 7
1752630143195 -2.3831655979156494 8
1752630154267 -2.479410171508789 9
1752630165504 -2.5248007774353027 10
1752630176457 -2.529022455215454 11
1752630187514 -2.512907028198242 12
1752630198695 -2.5445315837860107 13
1752630209877 -2.539879083633423 14
1752630221300 -2.564363718032837 15
1752630232539 -2.5914435386657715 16
1752630243668 -2.5923852920532227 17
1752630254629 -2.586430549621582 18
1752630265628 -2.5857093334198 19
1752630277141 -2.5861613750457764 20
1752630288332 -2.615309238433838 21
1752630299529 -2.6450247764587402 22
1752630310688 -2.5741662979125977 23
1752630321945 -2.6043946743011475 24
1752630333407 -2.5935404300689697 25
1752630344708 -2.6243934631347656 26
1752630356032 -2.6126627922058105 27
1752630366843 -2.6401755809783936 28
1752630378022 -2.645765781402588 29
1752630389348 -2.619767665863037 30
1752630400561 -2.5910491943359375 31
1752630411903 -2.590494394302368 32
1752630423227 -2.6160805225372314 33
1752630434361 -2.6439332962036133 34
1752630445587 -2.603851556777954 35
1752630456896 -2.5909368991851807 36
1752630468052 -2.598592519760132 37
1752630479413 -2.6610448360443115 38
1752630490714 -2.636561155319214 39
1752630502046 -2.6244688034057617 40
1752630513282 -2.620610237121582 41
1752630524645 -2.6229231357574463 42
1752630535877 -2.6578409671783447 43
1752630547173 -2.644909620285034 44
1752630558548 -2.6198720932006836 45
1752630569841 -2.632890224456787 46
1752630580874 -2.6203930377960205 47
1752630592089 -2.652163505554199 48
1752630603275 -2.6429214477539062 49
1752630614806 -2.6284046173095703 50
1752630626018 -2.6178009510040283 51
1752630637107 -2.6437630653381348 52
1752630648211 -2.6080610752105713 53
1752630659306 -2.6356890201568604 54
1752630670700 -2.636796236038208 55
1752630681968 -2.623032331466675 56
1752630693294 -2.6607980728149414 57
1752630704598 -2.582916021347046 58
1752630715814 -2.6450908184051514 59
1752630727208 -2.6862566471099854 60
1752630738356 -2.6702098846435547 61
1752630749771 -2.6526107788085938 62
1752630760922 -2.6206886768341064 63
1752630772146 -2.6717934608459473 64
1752630783518 -2.599125862121582 65
1752630794920 -2.6075234413146973 66
1752630805752 -2.668487548828125 67
1752630816988 -2.667902946472168 68
1752630827931 -2.629476547241211 69
1752630839371 -2.6873555183410645 70
1752630850823 -2.6575965881347656 71
1752630862102 -2.6019906997680664 72
1752630873395 -2.6945292949676514 73
1752630884671 -2.5995633602142334 74
1752630896273 -2.6914501190185547 75
1752630907473 -2.6426005363464355 76
1752630918853 -2.693052291870117 77
1752630930096 -2.6420559883117676 78
1752630941354 -2.6578023433685303 79
1752630952915 -2.6602413654327393 80
1752630964294 -2.669527769088745 81
1752630975521 -2.6468021869659424 82
1752630986987 -2.619288206100464 83
1752630998214 -2.6566996574401855 84
1752631009994 -2.6228768825531006 85
1752631021753 -2.6199989318847656 86
1752631033424 -2.6333835124969482 87
1752631045207 -2.6502373218536377 88
1752631056943 -2.6298017501831055 89
1752631067832 -2.6301310062408447 90
1752631079141 -2.6581637859344482 91
1752631090349 -2.6711769104003906 92
1752631101478 -2.6564056873321533 93
1752631112794 -2.6159794330596924 94
1752631124169 -2.6536166667938232 95
1752631135334 -2.667593002319336 96
1752631146550 -2.676325559616089 97
1752631157810 -2.671978712081909 98
1752631168982 -2.6623082160949707 99
1752630054656 0.018823573365807533 0
