1754602827250 2.230508804321289 0
1754602838868 2.094291925430298 1
1754602850511 2.0164384841918945 2
1754602862051 1.994521141052246 3
1754602873748 1.8322840929031372 4
1754602885546 1.774407982826233 5
1754602897015 1.7010481357574463 6
1754602908528 1.5914634466171265 7
1754602919960 1.534691572189331 8
1754602931534 1.4706218242645264 9
1754602943138 1.4134546518325806 10
1754602954551 1.3543778657913208 11
1754602966101 1.3101661205291748 12
1754602977360 1.2595243453979492 13
1754602988863 1.1813725233078003 14
1754603000218 1.1344952583312988 15
1754603011855 1.0840845108032227 16
1754603023273 1.0541000366210938 17
1754603034935 0.9821828603744507 18
1754603046283 0.9325821995735168 19
1754603057841 0.8950473070144653 20
1754603069305 0.8616286516189575 21
1754603080853 0.8467371463775635 22
1754603092410 0.7917197942733765 23
1754603103916 0.750282347202301 24
1754603115846 0.7187594771385193 25
1754603127459 0.695139467716217 26
1754603139125 0.655048668384552 27
1754603150686 0.6421907544136047 28
1754603162452 0.6053820252418518 29
1754603174010 0.6104217767715454 30
1754603185845 0.5717933773994446 31
1754603197248 0.5310707092285156 32
1754603208905 0.516727864742279 33
1754603220448 0.5079789757728577 34
1754603231908 0.4825367331504822 35
1754603243728 0.4564424157142639 36
1754603255225 0.4392087459564209 37
1754603267307 0.4121578633785248 38
1754603278744 0.3964320421218872 39
