1754607435533 2.222907304763794 0
1754607452462 2.099621295928955 1
1754607467740 1.9706189632415771 2
1754607485072 1.8789830207824707 3
1754607502278 1.7595268487930298 4
1754607519673 1.699334979057312 5
1754607535352 1.6219345331192017 6
1754607553188 1.5365993976593018 7
1754607570922 1.4685379266738892 8
1754607588359 1.4089215993881226 9
1754607604355 1.375785231590271 10
1754607622597 1.279363989830017 11
1754607640772 1.218422293663025 12
1754607657680 1.1719419956207275 13
1754607674083 1.1006132364273071 14
1754607691512 1.0609580278396606 15
1754607709142 1.0072941780090332 16
1754607725491 0.9716006517410278 17
1754607741803 0.9208424091339111 18
1754607758927 0.8675018548965454 19
1754607776485 0.8451437950134277 20
1754607792881 0.8097652792930603 21
1754607809452 0.77540123462677 22
1754607826961 0.7400468587875366 23
1754607844578 0.7103569507598877 24
1754607860860 0.6695688366889954 25
1754607877254 0.664697527885437 26
1754607894729 0.630584716796875 27
1754607911842 0.6176919341087341 28
1754607928003 0.5822588205337524 29
1754607944171 0.5678274035453796 30
1754607961572 0.5404940247535706 31
1754607978744 0.525208592414856 32
1754607995140 0.5046038031578064 33
1754608011581 0.4975837767124176 34
1754608029208 0.47150352597236633 35
1754608046729 0.4534277319908142 36
1754608063168 0.4418593645095825 37
1754608079766 0.4129514694213867 38
1754608097099 0.39555802941322327 39
1754608114346 0.3882909417152405 40
1754608130298 0.3664689064025879 41
1754608146744 0.37234824895858765 42
1754608164449 0.34721121191978455 43
1754608182236 0.3388766050338745 44
1754608198682 0.32971346378326416 45
1754608215670 0.3299406170845032 46
1754608233690 0.3145224153995514 47
1754608251844 0.30203914642333984 48
1754608268004 0.28876104950904846 49
1754608285566 0.27965229749679565 50
1754608303338 0.2830311357975006 51
1754608321197 0.27147194743156433 52
1754608336502 0.25797945261001587 53
1754608353885 0.24774086475372314 54
1754608371148 0.24964627623558044 55
1754608388706 0.23824307322502136 56
1754608403910 0.22898134589195251 57
1754608421383 0.2250644415616989 58
1754608439054 0.22305090725421906 59
1754608456796 0.21628455817699432 60
1754608472270 0.20755302906036377 61
1754608490042 0.20258384943008423 62
1754608507579 0.20150025188922882 63
1754608525169 0.1910933405160904 64
1754608539928 0.19461077451705933 65
1754608557121 0.17656970024108887 66
1754608574143 0.180582195520401 67
1754608593564 0.17345239222049713 68
1754608608446 0.1665133833885193 69
1754608881433 0.16867461800575256 70
1754608898855 0.16327673196792603 71
1754608916252 0.16342690587043762 72
1754608931284 0.14918024837970734 73
1754608948092 0.1459517776966095 74
1754608965434 0.1488598734140396 75
1754608983487 0.14047208428382874 76
1754609000304 0.13713042438030243 77
1754609017583 0.1291211098432541 78
1754610076881 0.1410118192434311 79
1754610094242 0.13175490498542786 80
1754610109487 0.13399644196033478 81
1754610126570 0.1272752285003662 82
1754610143656 0.12345384806394577 83
1754610160737 0.12157059460878372 84
1754610176019 0.1219349354505539 85
1754610193517 0.12135637551546097 86
1754610211461 0.1251111626625061 87
1754610230595 0.11548129469156265 88
1754610247656 0.10962853580713272 89
1754610267151 0.11409361660480499 90
1754610288489 0.10626045614480972 91
1754610847569 0.10747527331113815 92
1754610862472 0.09732678532600403 93
1754610880085 0.10464095324277878 94
1754610897644 0.09947045147418976 95
1754611845261 0.0989651307463646 96
1754611860136 0.09493064880371094 97
1754611877313 0.09251837432384491 98
1754612818560 0.08959759771823883 99
1754612835834 0.08932436257600784 100
1754613788307 0.08644960075616837 101
1754613805432 0.08450409024953842 102
1754613822981 0.08239908516407013 103
1754613840170 0.08624692261219025 104
1754613854988 0.08129368722438812 105
1754613872227 0.08732275664806366 106
1754613889671 0.08519403636455536 107
1754613906871 0.07907658815383911 108
1754613921701 0.07941655814647675 109
1754613938996 0.07442162930965424 110
1754613956017 0.07692195475101471 111
1754613973365 0.07391586899757385 112
1754613988474 0.07196222990751266 113
1754614006481 0.07502581179141998 114
1754614024571 0.07532527297735214 115
1754614042823 0.07252988964319229 116
1754614058440 0.0719180628657341 117
1754614076671 0.0720595121383667 118
1754614095253 0.06642305850982666 119
1754614113697 0.07159532606601715 120
1754614129705 0.06580211222171783 121
1754614148115 0.06496031582355499 122
1754614167094 0.0642433613538742 123
1754614185870 0.0630689337849617 124
1754614208624 0.0682017132639885 125
1754614238130 0.06009089946746826 126
1754614271949 0.06744071841239929 127
1754614304753 0.05753288418054581 128
1754614330303 0.060032039880752563 129
1754615250725 0.060630060732364655 130
1754615268443 0.05622034892439842 131
1754616196136 0.05892619490623474 132
1754616210875 0.05778725445270538 133
1754616228330 0.057693757116794586 134
1754617323269 0.05345921590924263 135
1754617340509 0.05537385120987892 136
1754617355224 0.05489131808280945 137
1754617372626 0.051580220460891724 138
1754617389828 0.054919496178627014 139
1754617407161 0.05454854667186737 140
1754617422081 0.05057622492313385 141
1754617439777 0.051255304366350174 142
1754617457456 0.056211311370134354 143
1754617475110 0.05091409385204315 144
1754617490597 0.04941311851143837 145
1754617508554 0.052674729377031326 146
1754617526871 0.05338029935956001 147
1754617544412 0.05456085503101349 148
1754617561537 0.049983810633420944 149
1754617579942 0.046115532517433167 150
1754617598814 0.047375477850437164 151
1754617616432 0.05470886453986168 152
1754617634130 0.045906420797109604 153
1754617652880 0.04604959860444069 154
1754617671950 0.04601817578077316 155
1754617690115 0.04452969878911972 156
1754617707994 0.04834466055035591 157
1754617727090 0.04566662758588791 158
1754617754730 0.04116552695631981 159
1754617782918 0.04610024392604828 160
1754617814012 0.041103214025497437 161
1754618503479 0.04572043567895889 162
1754618521023 0.04409582540392876 163
1754618537739 0.044045448303222656 164
1754618553567 0.039940811693668365 165
1754618570697 0.04347150772809982 166
1754618588292 0.045150913298130035 167
1754618605089 0.0419328399002552 168
1754618621121 0.04285251349210739 169
1754619551191 0.042175013571977615 170
1754619568839 0.04618984833359718 171
1754619585544 0.03923094645142555 172
1754620501222 0.037261251360177994 173
1754620518865 0.03749341890215874 174
1754620717692 0.04135572910308838 175
1754620734072 0.03743290528655052 176
1754620750505 0.03824106231331825 177
1754621793019 0.03814241290092468 178
1754621810508 0.03625113144516945 179
1754621826899 0.03637876361608505 180
1754621843496 0.03700574114918709 181
1754621861458 0.03374028950929642 182
1754621879071 0.0370328351855278 183
1754621895167 0.036951832473278046 184
1754621911888 0.03413182124495506 185
1754621929231 0.035451069474220276 186
1754621946458 0.03460050746798515 187
1754621961828 0.03247162327170372 188
1754621978639 0.03260157257318497 189
1754621995776 0.03141207993030548 190
1754622013392 0.03547770157456398 191
1754622029518 0.03232184424996376 192
1754622047203 0.03286833316087723 193
1754622065614 0.02933153323829174 194
1754622084203 0.0350443460047245 195
1754622100742 0.032552994787693024 196
1754622119007 0.030433332547545433 197
1754622137678 0.028748605400323868 198
1754622156630 0.03126366063952446 199
1754622173513 0.031395893543958664 200
1754622192152 0.03095022216439247 201
1754622210990 0.030391044914722443 202
1754622229936 0.028863821178674698 203
1754622246623 0.03423298895359039 204
1754622265275 0.03080718405544758 205
1754622284179 0.031001966446638107 206
1754622303010 0.029059773311018944 207
1754622324488 0.029048673808574677 208
1754622352777 0.030257076025009155 209
1754622384146 0.027100037783384323 210
1754622419752 0.029056979343295097 211
1754622455139 0.032947052270174026 212
1754622497537 0.028851186856627464 213
1754622529398 0.02788415364921093 214
1754622557559 0.028305860236287117 215
1754622580078 0.028043502941727638 216
1754622603699 0.025369638577103615 217
1754622626428 0.02845044992864132 218
1754622648717 0.02596099302172661 219
1754622667666 0.026633894070982933 220
1754622689457 0.025173647329211235 221
1754622711965 0.027325063943862915 222
1754622734482 0.024825315922498703 223
1754622754041 0.027982475236058235 224
1754622777472 0.033694107085466385 225
1754622801788 0.02921995520591736 226
1754622827151 0.02535947971045971 227
1754622849310 0.02584916725754738 228
1754622876089 0.024412108585238457 229
1754622903635 0.02284456416964531 230
1754622931518 0.02739674039185047 231
1754622955268 0.02482144720852375 232
1754622982502 0.026038581505417824 233
1754623009087 0.024437425658106804 234
1754623034668 0.024870669469237328 235
1754623056729 0.0231460053473711 236
1754623081767 0.023036187514662743 237
1754623106629 0.023752080276608467 238
1754623130685 0.022708876058459282 239
1754623152451 0.023633239790797234 240
1754623177480 0.023967763409018517 241
1754623202784 0.022291332483291626 242
1754623228376 0.024585286155343056 243
1754623250677 0.02173501066863537 244
1754623277719 0.022486470639705658 245
1754623304545 0.023125359788537025 246
1754623331464 0.022246630862355232 247
1754623355347 0.021840181201696396 248
1754623382945 0.02744128741323948 249
1754623409823 0.02332182414829731 250
1754623435624 0.02261185273528099 251
1754623458609 0.01913592778146267 252
1754623484598 0.022209925577044487 253
1754623510660 0.024449188262224197 254
1754623535594 0.023758595809340477 255
1754623558944 0.021685274317860603 256
1754623584986 0.02235828898847103 257
1754623612891 0.02279873564839363 258
1754623638594 0.0210882555693388 259
1754623663330 0.0188655536621809 260
1754623690537 0.02112055942416191 261
1754623718480 0.02009093575179577 262
1754623744538 0.021755844354629517 263
1754623769894 0.020710378885269165 264
1754623796984 0.021037602797150612 265
1754623823741 0.02002803422510624 266
1754623848133 0.018948163837194443 267
1754623872947 0.020341219380497932 268
1754623899827 0.0175445806235075 269
1754623926321 0.019807515665888786 270
1754623950611 0.022779524326324463 271
1754623976082 0.021540919318795204 272
1754624003653 0.01862938329577446 273
1754624030882 0.01930060237646103 274
1754624056086 0.019998852163553238 275
1754624082998 0.01827714778482914 276
1754624111970 0.01883729174733162 277
1754624140517 0.020738307386636734 278
1754624165859 0.01922670006752014 279
1754624193674 0.018389763310551643 280
1754624221758 0.017702335491776466 281
1754624250139 0.01802033744752407 282
1754624274354 0.019482772797346115 283
1754624301649 0.020039347931742668 284
1754624329348 0.02094956859946251 285
1754624357877 0.018916185945272446 286
1754624382412 0.021154072135686874 287
1754624409879 0.018017815425992012 288
1754624438492 0.017023054882884026 289
1754624467459 0.017460038885474205 290
1754624493334 0.01870914176106453 291
1754624522032 0.017124272882938385 292
1754624550456 0.01999928429722786 293
1754624578750 0.01763637363910675 294
1754624603498 0.020109256729483604 295
1754624630910 0.017585745081305504 296
1754624658929 0.016861604526638985 297
1754624686762 0.017364665865898132 298
1754624712443 0.017148666083812714 299
1754624740613 0.018340233713388443 300
1754624769447 0.018244538456201553 301
1754624798201 0.016489557921886444 302
1754624822394 0.017775950953364372 303
1754624850573 0.018591614440083504 304
1754624878674 0.017453521490097046 305
1754624906995 0.01747347228229046 306
1754624930495 0.016479769721627235 307
1754624958317 0.016578441485762596 308
1754624985777 0.016710374504327774 309
1754625013571 0.01491866260766983 310
1754625037374 0.017397386953234673 311
1754625065551 0.018322663381695747 312
1754625093235 0.017882974818348885 313
1754625120629 0.018092218786478043 314
1754625144453 0.017081966623663902 315
1754625171970 0.01662391424179077 316
1754625199344 0.01751144602894783 317
1754625226584 0.01634628139436245 318
1754625250332 0.018526524305343628 319
1754625277945 0.01692996546626091 320
1754625305595 0.017563587054610252 321
1754625333351 0.01652211882174015 322
1754625357418 0.017592592164874077 323
1754625386346 0.016423355787992477 324
1754625827215 0.016156872734427452 325
1754625844620 0.017432527616620064 326
1754626867621 0.01440819725394249 327
1754626885287 0.017129646614193916 328
1754626902780 0.015230854041874409 329
1754627909875 0.014809169806540012 330
1754627924816 0.013962983153760433 331
1754627942268 0.015049675479531288 332
1754627959247 0.015854818746447563 333
1754628909356 0.015160364098846912 334
1754628924572 0.01588721014559269 335
1754628942510 0.015411527827382088 336
1754628960186 0.013971023261547089 337
1754628977605 0.0153745012357831 338
1754628993665 0.01635715551674366 339
1754629011362 0.015617676079273224 340
1754629029265 0.014981589280068874 341
1754629045879 0.01602792926132679 342
1754629062250 0.015430187806487083 343
1754629079457 0.017607109621167183 344
1754629096858 0.018571624532341957 345
1754629113667 0.016229629516601562 346
1754629131057 0.01960151642560959 347
1754629149721 0.018665403127670288 348
1754629168392 0.013727002777159214 349
1754629185920 0.014828982762992382 350
1754629203760 0.015368713065981865 351
1754629222631 0.01490907184779644 352
1754629241225 0.014774078503251076 353
1754629258728 0.015216707251966 354
1754629276475 0.01472301036119461 355
1754629295383 0.014038768596947193 356
1754629314199 0.014005056582391262 357
1754629332183 0.01418403908610344 358
1754629350305 0.014562047086656094 359
1754629369760 0.015153058804571629 360
1754629389161 0.013348436914384365 361
1754629407488 0.014984171837568283 362
1754629427289 0.01488244067877531 363
1754629456867 0.013760342262685299 364
1754629488199 0.014317898079752922 365
1754629521384 0.0135594317689538 366
1754629560176 0.0120343416929245 367
1754629605542 0.015460764989256859 368
1754629641180 0.014901352114975452 369
1754629667948 0.013233013451099396 370
1754629693737 0.012701439671218395 371
1754629719650 0.015063457190990448 372
1754629745074 0.013799425214529037 373
1754629766067 0.0163869746029377 374
1754629789340 0.014524792321026325 375
1754629812891 0.013841435313224792 376
1754629836173 0.012364846654236317 377
1754629856588 0.013591913506388664 378
1754629880060 0.012018592096865177 379
1754629904691 0.011212277226150036 380
1754629930725 0.011239400133490562 381
1754629954027 0.01135359425097704 382
1754629981526 0.011829718016088009 383
1754630010644 0.015438145957887173 384
1754630039701 0.012462216429412365 385
1754630064176 0.013312261551618576 386
1754630091730 0.011703331023454666 387
1754630118929 0.012947295792400837 388
1754630145211 0.013360697776079178 389
1754630167323 0.012941449880599976 390
1754630192671 0.012402055785059929 391
1754630217819 0.011649436317384243 392
1754630243798 0.011734021827578545 393
1754630266345 0.01562713086605072 394
1754630292734 0.013229149393737316 395
1754630319113 0.011522331275045872 396
1754630346594 0.012475996278226376 397
1754630370535 0.011746076866984367 398
1754630398102 0.011350899003446102 399
1754630426527 0.01138736866414547 400
1754630454794 0.01171757560223341 401
1754630478905 0.011954869143664837 402
1754630506402 0.009990786202251911 403
1754630534274 0.011997267603874207 404
1754630561613 0.010798913426697254 405
1754630584747 0.011636641807854176 406
1754630611874 0.015644162893295288 407
1754630639453 0.010829173028469086 408
1754630666979 0.011640950106084347 409
1754630690651 0.012632946483790874 410
1754630719847 0.011357292532920837 411
1754630748574 0.010651466436684132 412
1754630777417 0.01128273643553257 413
1754630802288 0.01176485512405634 414
1754630831796 0.010680693201720715 415
1754630861336 0.011424661614000797 416
1754630890730 0.01119172852486372 417
1754630915422 0.01096427720040083 418
1754630944879 0.011521486565470695 419
1754630974035 0.010269099846482277 420
1754631002793 0.010162191465497017 421
1754631027976 0.011066681705415249 422
1754631057300 0.01122705265879631 423
1754631086487 0.011235162615776062 424
1754631114719 0.011805489659309387 425
1754631140848 0.01210417877882719 426
1754631170463 0.010359262116253376 427
1754631200376 0.012569889426231384 428
1754631228717 0.012051298283040524 429
1754631255863 0.010343854315578938 430
1754631285280 0.010221794247627258 431
1754631315238 0.009472783654928207 432
1754631344504 0.011109347455203533 433
1754631370976 0.011267329566180706 434
1754631399782 0.010518399067223072 435
1754631428896 0.010260261595249176 436
1754631456402 0.010383923538029194 437
1754631482485 0.010644707828760147 438
1754631511429 0.010999059304594994 439
1754631540910 0.009878256358206272 440
1754631568824 0.010529525578022003 441
1754631595334 0.010626276955008507 442
1754631625734 0.011008119210600853 443
1754631654539 0.009395659901201725 444
1754631681916 0.009572824463248253 445
1754631708564 0.010199773125350475 446
1754631737702 0.00982977170497179 447
1754631767038 0.010036217980086803 448
1754631794150 0.01006590761244297 449
1754631822071 0.01050009485334158 450
1754631851366 0.009756965562701225 451
1754631880601 0.009950940497219563 452
1754631906346 0.011437012813985348 453
1754631934803 0.009599280543625355 454
1754631963712 0.009771996177732944 455
1754631992871 0.009651198983192444 456
1754632018315 0.011226115748286247 457
1754632046974 0.008780800737440586 458
1754632076253 0.00932464562356472 459
1754632105954 0.009862320497632027 460
1754632131862 0.011864294297993183 461
1754632161118 0.009771970100700855 462
1754632191091 0.012266145087778568 463
1754632221067 0.009359581395983696 464
1754632247198 0.009299121797084808 465
1754632276756 0.010125484317541122 466
1754632306430 0.013701217249035835 467
1754632336077 0.009741423651576042 468
1754632361786 0.01035081222653389 469
1754632391238 0.01205889880657196 470
1754632420873 0.009809006936848164 471
1754632451192 0.010711385868489742 472
1754632477043 0.008688502013683319 473
1754632507857 0.010359443724155426 474
1754633473015 0.010812176391482353 475
1754633490612 0.010297958739101887 476
1754634554533 0.011334162205457687 477
1754634572194 0.009159787558019161 478
1754634589722 0.011819355189800262 479
1754635520070 0.008969004265964031 480
1754635535144 0.00962872989475727 481
1754636607411 0.00934669654816389 482
1754636624649 0.01010711770504713 483
1754636642062 0.009689436294138432 484
1754636657192 0.01115103904157877 485
1754637668989 0.009690206497907639 486
1754637686710 0.008594343438744545 487
1754637704304 0.009703630581498146 488
1754638635822 0.008795958012342453 489
1754638653950 0.009328489191830158 490
1754639594686 0.008024129085242748 491
1754639612496 0.00933673046529293 492
1754639627703 0.009002077393233776 493
1754639645404 0.009126781485974789 494
1754639662870 0.009016955271363258 495
1754639680134 0.007737637031823397 496
1754640622688 0.00917738862335682 497
1754640640429 0.012354901060461998 498
1754640657997 0.009400822222232819 499
1754641595821 0.008875382132828236 500
1754641611480 0.008583290502429008 501
1754641628672 0.008632637560367584 502
1754642646584 0.009110393933951855 503
1754642663213 0.008240114897489548 504
1754643630495 0.009586491622030735 505
1754643647811 0.009319624863564968 506
1754643665253 0.008737988770008087 507
1754643681923 0.008983281441032887 508
1754644664250 0.008586891926825047 509
1754644681618 0.010523645207285881 510
1754644698778 0.009194443002343178 511
1754645670836 0.008428633213043213 512
1754645686174 0.007754176389425993 513
1754645703702 0.008657684549689293 514
1754646716993 0.009356114082038403 515
1754646734328 0.00893575418740511 516
1754647664434 0.008503541350364685 517
1754647681812 0.008256785571575165 518
1754647699423 0.010183985345065594 519
1754647716100 0.009409247897565365 520
1754648684371 0.008616332896053791 521
1754648701613 0.00962113682180643 522
1754648718665 0.008041087538003922 523
1754648735530 0.008649714291095734 524
1754648750593 0.008818097412586212 525
1754648767956 0.008422277867794037 526
1754648785122 0.00915841106325388 527
1754648802220 0.00847154762595892 528
1754648817728 0.007118090987205505 529
1754648835566 0.008406586945056915 530
1754648853488 0.008234264329075813 531
1754648870380 0.007769488263875246 532
1754648886713 0.007905610837042332 533
1754649946788 0.006641030311584473 534
1754649964357 0.007617776747792959 535
1754650883422 0.008098124526441097 536
1754650899596 0.007788411807268858 537
1754650916701 0.01070487406104803 538
1754650934085 0.008068745024502277 539
1754650950366 0.008059954270720482 540
1754650966783 0.006946508772671223 541
1754650984272 0.008780533447861671 542
1754651001568 0.008944613859057426 543
1754651017624 0.010905910283327103 544
1754651033931 0.010577875189483166 545
1754651051185 0.008991512469947338 546
1754651068040 0.011163019575178623 547
1754651083884 0.007691483944654465 548
1754651100148 0.0087655708193779 549
1754652030419 0.00700970645993948 550
1754652047722 0.010263190604746342 551
1754652064328 0.008289719931781292 552
1754652442549 0.009032830595970154 553
1754652460265 0.006778630428016186 554
1754653471778 0.009351832792162895 555
1754653488068 0.009804354049265385 556
1754653504593 0.007713080383837223 557
1754653521903 0.008374067023396492 558
1754653539047 0.0079880990087986 559
1754653554969 0.007515156175941229 560
1754653571415 0.0077421399764716625 561
1754653588664 0.007719128392636776 562
1754653606114 0.006972955074161291 563
1754653622235 0.006910158786922693 564
1754653639134 0.00781242735683918 565
1754653656974 0.00838090293109417 566
1754653674548 0.008934267796576023 567
1754653690399 0.0070528085343539715 568
1754653708359 0.007072159554809332 569
1754653726533 0.007481520064175129 570
1754653745052 0.011078217066824436 571
1754653761236 0.009679262526333332 572
1754653779656 0.008344294503331184 573
1754653798083 0.007686173543334007 574
1754653816957 0.006999157834798098 575
1754653833552 0.006963812746107578 576
1754653852121 0.007838968187570572 577
1754653870983 0.0079225804656744 578
1754653889923 0.008167524822056293 579
1754653906903 0.008106501772999763 580
1754653925783 0.006290892604738474 581
1754653944564 0.007750960066914558 582
1754653963613 0.007091487292200327 583
1754653980348 0.009728719480335712 584
1754653999436 0.006520021706819534 585
1754654022385 0.006893266923725605 586
1754654051838 0.00825168564915657 587
1754654078761 0.007432294078171253 588
1754654113952 0.008086401969194412 589
1754654155281 0.008085341192781925 590
1754654200903 0.006896218750625849 591
1754654229887 0.007422593422234058 592
1754654258025 0.009127882309257984 593
1754654284316 0.008002064190804958 594
1754654308550 0.007770376745611429 595
1754654328772 0.007933308370411396 596
1754654350793 0.00939573161303997 597
1754654372971 0.00757179968059063 598
1754654396108 0.007553925737738609 599
1754654415823 0.00952947698533535 600
1754654438684 0.00850590318441391 601
1754654462984 0.009044885635375977 602
1754654488025 0.008469866588711739 603
1754654510432 0.007314226124435663 604
1754654537304 0.009029158391058445 605
1754654564983 0.007135653402656317 606
1754654593637 0.006896551698446274 607
1754654617775 0.008521202020347118 608
1754654646073 0.008590536192059517 609
1754654673222 0.008623393252491951 610
1754654700019 0.007485422771424055 611
1754654723112 0.007364213466644287 612
1754654749100 0.0076321205124258995 613
1754654774665 0.00915008969604969 614
1754654799432 0.0073343911208212376 615
1754654821723 0.007010175380855799 616
1754654847168 0.007334589958190918 617
1754654873122 0.007891450077295303 618
1754654897989 0.007971729151904583 619
1754654921170 0.007351644337177277 620
1754654947995 0.008354894816875458 621
1754654975475 0.007172092329710722 622
1754655002341 0.0069887638092041016 623
1754655026794 0.008392334915697575 624
1754655054639 0.0063747563399374485 625
1754655082527 0.00791117362678051 626
1754655109105 0.006540968548506498 627
1754655133481 0.007999883964657784 628
1754655160840 0.007101706229150295 629
1754655188216 0.006595986895263195 630
1754655214233 0.006307310424745083 631
1754655238871 0.007415662053972483 632
1754655267442 0.006049471441656351 633
1754655296470 0.007459110580384731 634
1754655323438 0.006667800713330507 635
1754655350328 0.007139505818486214 636
1754655379658 0.0065637207590043545 637
1754655408757 0.006803441792726517 638
1754655436096 0.005936910398304462 639
1754655463174 0.0060301851481199265 640
1754655492060 0.007306254934519529 641
1754655520576 0.007622167933732271 642
1754655546243 0.008431953378021717 643
1754655573139 0.007727694697678089 644
1754655601714 0.008146165870130062 645
1754655631454 0.007232975214719772 646
1754655656990 0.006464076228439808 647
1754655685556 0.006550900172442198 648
1754655715243 0.006188103463500738 649
1754655745292 0.006096323020756245 650
1754655771069 0.006199978291988373 651
1754655799079 0.005906503181904554 652
1754655828715 0.0069068120792508125 653
1754655857885 0.006654879543930292 654
1754655883990 0.007194471079856157 655
1754655912544 0.006634928751736879 656
1754655942107 0.007143257185816765 657
1754655971630 0.007140122354030609 658
1754655997284 0.0054876720532774925 659
1754656025513 0.006040298845618963 660
1754656054421 0.007155918516218662 661
1754656083248 0.005996023304760456 662
1754656108624 0.0062149083241820335 663
1754656136195 0.006123487371951342 664
1754656165379 0.005931180436164141 665
1754656195742 0.005637897178530693 666
1754656221541 0.00906615424901247 667
1754656250272 0.006974497810006142 668
1754656279512 0.00600642804056406 669
1754656308940 0.007055405527353287 670
1754656334049 0.0069448621943593025 671
1754656362655 0.0058341920375823975 672
1754656391171 0.005514438729733229 673
1754656420122 0.007445634342730045 674
1754656445222 0.006278506945818663 675
1754656473943 0.00649960245937109 676
1754656502726 0.007009269203990698 677
1754656532343 0.007227442227303982 678
1754656557468 0.00588333560153842 679
1754656585969 0.007292968686670065 680
1754656614911 0.007158529479056597 681
1754656644440 0.006395756732672453 682
1754656669477 0.007248658686876297 683
1754656697845 0.007780596148222685 684
1754656726749 0.005979784764349461 685
1754656755364 0.006336726248264313 686
1754656780008 0.00652251997962594 687
1754656809019 0.005893574561923742 688
1754656838507 0.0057639796286821365 689
1754656868144 0.006518154870718718 690
1754656892975 0.005852572154253721 691
1754656922685 0.0057668499648571014 692
1754656953761 0.0071556963957846165 693
1754656985936 0.005524958483874798 694
1754657011041 0.0072909751906991005 695
1754657040635 0.0057213702239096165 696
1754657069581 0.006586243864148855 697
1754657099927 0.005970932077616453 698
1754657124343 0.005681571085005999 699
1754657153596 0.0064243595115840435 700
1754658143740 0.006655344273895025 701
1754658161211 0.005781518295407295 702
1754658176114 0.006484088487923145 703
1754659142799 0.006284982897341251 704
1754659160531 0.00528357457369566 705
1754659177953 0.006258070934563875 706
1754659192856 0.0058046868070960045 707
1754659210198 0.006144896615296602 708
1754659227675 0.0057085249572992325 709
1754659244960 0.005563229322433472 710
1754659259780 0.007137325592339039 711
1754659277104 0.004887776914983988 712
1754659294238 0.006182887125760317 713
1754659311506 0.006134612951427698 714
1754659326726 0.006313091143965721 715
1754659345290 0.0057869842275977135 716
1754659363889 0.0049882922321558 717
1754659382712 0.005231134127825499 718
1754659400031 0.005861947778612375 719
1754659419459 0.006036061327904463 720
1754659438678 0.005064643919467926 721
1754659457249 0.00649093184620142 722
1754659474710 0.006063144654035568 723
1754659494035 0.00613303342834115 724
1754659513270 0.004742858000099659 725
1754659531617 0.007323771249502897 726
1754659557459 0.0061402893625199795 727
1754659587180 0.0061659845523536205 728
1754659622021 0.007348502054810524 729
1754660609908 0.005642619449645281 730
1754660626087 0.005649218801409006 731
1754660643478 0.005075701046735048 732
1754660660932 0.005616092123091221 733
1754660677138 0.006191878579556942 734
1754660693438 0.005453098565340042 735
1754660710441 0.004594763740897179 736
1754660727576 0.008056958205997944 737
1754660743637 0.005171254277229309 738
1754660759745 0.005616277456283569 739
1754660777337 0.004850359633564949 740
1754660795625 0.006646511144936085 741
1754660813185 0.0060644857585430145 742
1754660830649 0.005862221587449312 743
1754660849463 0.005381124559789896 744
1754660868382 0.005876427982002497 745
1754660886425 0.0050150309689342976 746
1754660904174 0.0059403348714113235 747
1754660923302 0.005280202254652977 748
1754660946082 0.005741868633776903 749
1754660973931 0.005112886428833008 750
1754661788386 0.005906102247536182 751
1754661805707 0.0067458623088896275 752
1754661823324 0.005598549731075764 753
1754662749523 0.006358521990478039 754
1754662766429 0.007660089060664177 755
1754662784187 0.00503438338637352 756
1754662801702 0.006329200696200132 757
1754663005208 0.0076242065988481045 758
1754663022285 0.006031293421983719 759
1754663952192 0.005568217020481825 760
1754663969708 0.005837151315063238 761
1754663985247 0.012866625562310219 762
1754664990721 0.0057920487597584724 763
1754665008195 0.007252583280205727 764
1754665025468 0.005474863573908806 765
1754665041034 0.0072088101878762245 766
1754665297415 0.006099195685237646 767
1754665315072 0.00658762501552701 768
1754665448721 0.005638882517814636 769
1754665464523 0.005292640998959541 770
1754665481491 0.005306518170982599 771
1754665869420 0.004700204823166132 772
1754665886613 0.00540096964687109 773
1754665902265 0.006455767899751663 774
1754666441186 0.005559470970183611 775
1754666460580 0.005398951470851898 776
1754666478051 0.00578518258407712 777
1754666493788 0.006138775032013655 778
1754666510763 0.007236338220536709 779
1754666528241 0.005302118603140116 780
1754666545463 0.00534282810986042 781
1754666561858 0.006070422939956188 782
1754666578495 0.005388261284679174 783
1754666596419 0.006333355791866779 784
1754666614214 0.006375028286129236 785
1754666631219 0.00532800005748868 786
1754666647956 0.0065264166332781315 787
1754666665691 0.009914944879710674 788
1754666683313 0.004590334836393595 789
1754666699978 0.0060261320322752 790
1754666716072 0.005146373063325882 791
1754666733579 0.005006620194762945 792
1754666751210 0.005069855134934187 793
1754666768329 0.006038442254066467 794
1754666783144 0.004550660494714975 795
1754666801019 0.008090819232165813 796
1754666818731 0.005344843957573175 797
1754666835912 0.005985877476632595 798
1754666852107 0.0055838292464613914 799
1754666869432 0.005532402545213699 800
1754666886862 0.006375100463628769 801
1754666903918 0.006281600333750248 802
1754666919210 0.005825985223054886 803
1754666937034 0.0045317686162889 804
1754666954688 0.005548411514610052 805
1754666972183 0.005066615995019674 806
1754666987800 0.0065942914225161076 807
1754667005581 0.009786716662347317 808
1754667023263 0.004862128756940365 809
1754667040784 0.006312418729066849 810
1754667055922 0.00583261251449585 811
1754667073562 0.005029543302953243 812
1754667090950 0.005082342308014631 813
1754667108909 0.005541027523577213 814
1754667124146 0.006332034710794687 815
1754667142381 0.005822130478918552 816
1754667160301 0.006713433191180229 817
1754667178603 0.005167309194803238 818
1754667194792 0.0052686333656311035 819
1754667213102 0.006075829733163118 820
1754667230988 0.006354128941893578 821
1754667248859 0.005027448292821646 822
1754667264209 0.005339757539331913 823
1754667281966 0.005861399695277214 824
1754667299622 0.004904021508991718 825
1754667317466 0.005724542774260044 826
1754667333151 0.004499819595366716 827
1754667351118 0.00575280049815774 828
1754667369047 0.005719615612179041 829
1754667386800 0.004742744378745556 830
1754667401882 0.00507549662142992 831
1754667419440 0.005865578539669514 832
1754667436825 0.004769160877913237 833
1754667454155 0.0051880343817174435 834
1754667468959 0.006294391583651304 835
1754667486481 0.005808819085359573 836
1754667503966 0.004995958413928747 837
1754667521361 0.005414939485490322 838
1754667536106 0.006526174023747444 839
1754667554315 0.0048621641471982 840
1754667571808 0.005212998483330011 841
1754667589582 0.005704097915440798 842
1754667604896 0.0050448342226445675 843
1754667622764 0.005455855745822191 844
1754667640325 0.005952900275588036 845
1754667658004 0.0045496574603021145 846
1754667673234 0.004594537429511547 847
1754667690816 0.005055610090494156 848
1754667708461 0.0046386076137423515 849
1754667726622 0.004833553917706013 850
1754667742763 0.0061668455600738525 851
1754667761458 0.007064854726195335 852
1754667779801 0.005059488583356142 853
1754667798013 0.004960047081112862 854
1754667813566 0.005588812753558159 855
1754667831598 0.0057477084919810295 856
1754667849459 0.004727738443762064 857
1754667867362 0.004445272032171488 858
1754667882791 0.008830966427922249 859
1754667900974 0.00450384896248579 860
1754667918399 0.006800845265388489 861
1754667936319 0.005592941306531429 862
1754667951604 0.004818715620785952 863
1754667969574 0.005221422761678696 864
1754667987114 0.00458928756415844 865
1754668005029 0.0043114786967635155 866
1754668020523 0.004677240736782551 867
1754668038091 0.006542849354445934 868
1754668055551 0.006222249008715153 869
1754668073103 0.005440940614789724 870
1754668088557 0.005623302888125181 871
1754668105264 0.005526674911379814 872
1754668122820 0.005064534023404121 873
1754668140024 0.007786794099956751 874
1754668156569 0.005551911424845457 875
1754668173823 0.00546501437202096 876
1754668191763 0.0066017871722579 877
1754668208978 0.005546388681977987 878
1754668225017 0.0059700459241867065 879
1754668241472 0.00466792332008481 880
1754668259593 0.005255667492747307 881
1754668277007 0.005038940813392401 882
1754668293135 0.004753591492772102 883
1754669218648 0.005344584118574858 884
1754669236209 0.009267785586416721 885
1754669270671 0.006535558495670557 886
1754669286858 0.00485597550868988 887
1754669304119 0.005156341474503279 888
1754669322016 0.00569966109469533 889
1754669339632 0.0048718699254095554 890
1754669354986 0.0044507528655231 891
1754669372579 0.004113912582397461 892
1754669390679 0.005222936626523733 893
1754669409526 0.005074149463325739 894
1754669426193 0.005018699448555708 895
1754669445115 0.00458620535209775 896
1754669465307 0.004971284419298172 897
1754669494680 0.004975439514964819 898
1754669544099 0.006265499163419008 899
1754669562776 0.0055946833454072475 900
1754669580544 0.004747273400425911 901
1754669688759 0.005327368620783091 902
1754669703449 0.0054831597954034805 903
1754669723547 0.005004097707569599 904
1754669741174 0.005199919920414686 905
1754669762675 0.010143694467842579 906
1754669791906 0.005471286363899708 907
1754669809135 0.00527706416323781 908
1754669830429 0.007627852726727724 909
1754669848964 0.005298836622387171 910
1754669863306 0.005348916631191969 911
1754669894609 0.0042306832037866116 912
1754669913218 0.006680102553218603 913
1754669930554 0.0076656523160636425 914
1754670027034 0.007627513725310564 915
1754670044518 0.00465414859354496 916
1754670075267 0.0069976854138076305 917
1754670094036 0.005937023088335991 918
1754670108874 0.006644895300269127 919
1754670133874 0.0067612589336931705 920
1754670152930 0.01018080860376358 921
1754670170487 0.006242638453841209 922
1754670189777 0.006692409049719572 923
1754670207281 0.007586507126688957 924
1754670240920 0.006429444998502731 925
1754670259504 0.007206357084214687 926
1754670274480 0.005432907026261091 927
1754670315062 0.006012146361172199 928
1754670332776 0.009442626498639584 929
1754670396223 0.007127481512725353 930
1754670412831 0.006308779586106539 931
1754670431009 0.006157026160508394 932
1754670468703 0.005690579302608967 933
1754670486889 0.006559961941093206 934
1754670502538 0.008089885115623474 935
1754670523544 0.007877014577388763 936
1754670541086 0.006306668743491173 937
1754670561988 0.008880172856152058 938
1754670578673 0.006778855342417955 939
1754670596217 0.0078036608174443245 940
1754670631799 0.013636322692036629 941
1754670648755 0.0077418857254087925 942
1754670664702 0.010397580452263355 943
1754670696656 0.009203709661960602 944
1754670714398 0.007464762777090073 945
1754670733029 0.010112070478498936 946
1754670749259 0.008276848122477531 947
1754670766477 0.009793412871658802 948
1754671092619 0.007069160230457783 949
1754671109030 0.0069773076102137566 950
1754671124541 0.010018880479037762 951
1754671332038 0.006913934368640184 952
1754671349509 0.008630731143057346 953
1754672266862 0.007646039128303528 954
1754672282422 0.009487404488027096 955
1754672300188 0.009065649472177029 956
1754672317746 0.007347710430622101 957
1754672492643 0.007866613566875458 958
1754672508022 0.006937103811651468 959
1754672525744 0.007339924573898315 960
1754672969990 0.006097591482102871 961
1754672987027 0.008411341346800327 962
1754673911807 0.009217957966029644 963
1754673929295 0.006875293329358101 964
1754673946762 0.009336504153907299 965
1754674884422 0.006424602586776018 966
1754674899848 0.006558316294103861 967
1754674917609 0.01056391466408968 968
1754675881296 0.006591524928808212 969
1754675898652 0.00650628749281168 970
1754675915161 0.008259800262749195 971
1754676900902 0.005924709141254425 972
1754676918826 0.0064573283307254314 973
1754676935187 0.0063471682369709015 974
1754677864327 0.00691775418817997 975
1754677881793 0.006123138125985861 976
1754677899631 0.006265837233513594 977
1754677916109 0.005583439487963915 978
1754677932733 0.005664659198373556 979
1754677950306 0.005591356195509434 980
1754677967719 0.0056141954846680164 981
1754677983906 0.006139542907476425 982
1754678000200 0.005720197223126888 983
1754678017462 0.007706071250140667 984
1754678034686 0.005694001913070679 985
1754678051602 0.006166969891637564 986
1754678069083 0.006572475656867027 987
1754678087744 0.005160680040717125 988
1754678106537 0.006443684920668602 989
1754678124205 0.009996564127504826 990
1754678142237 0.005137750878930092 991
1754678161264 0.006045118439942598 992
1754678180266 0.0057953596115112305 993
1754678197498 0.005735323764383793 994
1754678215906 0.005887708161026239 995
1754678235056 0.005915520712733269 996
1754678254257 0.005813647992908955 997
1754678271902 0.005601280834525824 998
1754678291587 0.005668235942721367 999
1754678319742 0.006443022284656763 1000
1754678351066 0.006159557960927486 1001
1754678380749 0.0066620646975934505 1002
1754678420357 0.005055740009993315 1003
1754678468611 0.006429600063711405 1004
1754678512712 0.0057664415799081326 1005
1754678539532 0.0058551691472530365 1006
1754678566855 0.004700839053839445 1007
1754678592543 0.005428078584372997 1008
1754678616738 0.004657682031393051 1009
1754678636716 0.005697003100067377 1010
1754678659657 0.005340013653039932 1011
1754678682642 0.00554058700799942 1012
1754678705775 0.004806945100426674 1013
1754678725868 0.004908355884253979 1014
1754678750526 0.006137187592685223 1015
1754678777544 0.005912624299526215 1016
1754678804932 0.007140633184462786 1017
1754678829046 0.005492676980793476 1018
1754678859932 0.004723464138805866 1019
1754678892002 0.00524011068046093 1020
1754678923580 0.004949009977281094 1021
1754678949064 0.004853970371186733 1022
1754678978599 0.006367563270032406 1023
1754679007341 0.005466422997415066 1024
1754679034986 0.004505234770476818 1025
1754679058029 0.005312848370522261 1026
1754679085288 0.0036807870492339134 1027
1754679113105 0.005292921327054501 1028
1754679142710 0.0049746157601475716 1029
1754679167405 0.006027861498296261 1030
1754679197365 0.005650612525641918 1031
1754679228127 0.004698371980339289 1032
1754679259875 0.004545011091977358 1033
1754679287217 0.004731421358883381 1034
1754679319493 0.005716470070183277 1035
1754679351481 0.0053582703694701195 1036
1754679382322 0.004468100145459175 1037
1754679410523 0.004828994162380695 1038
1754679441178 0.004370282869786024 1039
1754679472224 0.0049539245665073395 1040
1754679503107 0.0078029632568359375 1041
1754679531324 0.004778936970978975 1042
1754679564324 0.004501250106841326 1043
1754679597964 0.004992425441741943 1044
1754679628368 0.004578074440360069 1045
1754679661685 0.0067999232560396194 1046
1754679695557 0.004884702153503895 1047
1754679729616 0.004669386427849531 1048
1754679760081 0.006202835589647293 1049
1754607435533 2.222907304763794 0
