1755282616501 2.21982479095459 0
1755282631288 2.181652784347534 1
1755282645965 2.082542896270752 2
1755282660787 2.0322446823120117 3
1755282675455 1.9543218612670898 4
1755282690228 1.9012348651885986 5
1755282704920 1.8641878366470337 6
1755282719852 1.8074949979782104 7
1755282734531 1.7562135457992554 8
1755282749339 1.7419029474258423 9
1755282764081 1.645093560218811 10
1755282778618 1.6704431772232056 11
1755282793234 1.5610028505325317 12
1755282807814 1.5466175079345703 13
1755282822435 1.4955378770828247 14
1755282836873 1.464143991470337 15
1755282851280 1.4293209314346313 16
1755282865800 1.3641186952590942 17
1755282880309 1.3367316722869873 18
1755282894891 1.283786654472351 19
1755282909663 1.2639343738555908 20
1755282924331 1.2316176891326904 21
1755282938828 1.1883999109268188 22
1755282953257 1.145039439201355 23
1755282967783 1.120376467704773 24
1755282982463 1.0836554765701294 25
1755282996866 1.065955638885498 26
1755283011328 1.019822120666504 27
1755283025789 0.9962866306304932 28
1755283040488 0.976784884929657 29
1755283054945 0.9467316269874573 30
1755283069752 0.9098516702651978 31
1755283084048 0.8895605802536011 32
1755283098535 0.8609139919281006 33
1755283113011 0.8464081883430481 34
1755283127506 0.8046669363975525 35
1755283141904 0.7911666631698608 36
1755283156281 0.7619395852088928 37
1755283170809 0.7302215695381165 38
1755283185242 0.7082201242446899 39
1755283199738 0.6915512084960938 40
1755283214077 0.6719222664833069 41
1755283228391 0.6593620181083679 42
1755283242664 0.6190897226333618 43
1755283257157 0.5932547450065613 44
1755283271419 0.5979293584823608 45
1755283286069 0.5966640114784241 46
1755283300565 0.5751361846923828 47
1755283314946 0.5479655861854553 48
1755283329421 0.527398407459259 49
1755283343692 0.5073429942131042 50
1755283358030 0.49290868639945984 51
1755283372414 0.4779025614261627 52
1755283386820 0.4548678696155548 53
1755283401141 0.43631118535995483 54
1755283415458 0.4408908188343048 55
1755283429746 0.4261186420917511 56
1755283444042 0.41383564472198486 57
1755283458305 0.40137597918510437 58
1755283472785 0.3790428340435028 59
1755283487100 0.38519829511642456 60
1755283501602 0.3569154441356659 61
1755283516061 0.36522388458251953 62
1755283530397 0.34939318895339966 63
1755283544896 0.3237982392311096 64
1755283559479 0.32825350761413574 65
1755283574160 0.2983735501766205 66
1755283588675 0.30128154158592224 67
1755283603296 0.2985868453979492 68
1755283617832 0.29420047998428345 69
1755283632391 0.26714271306991577 70
1755283646767 0.2626643776893616 71
1755283661234 0.2681392729282379 72
1755283675803 0.24693356454372406 73
1755283690252 0.2557218372821808 74
1755283704531 0.2425416260957718 75
1755283719016 0.23704776167869568 76
1755283733787 0.22078686952590942 77
1755283748292 0.21341338753700256 78
1755283762649 0.22903695702552795 79
1755283776946 0.21605637669563293 80
1755283791437 0.1949518322944641 81
1755283805804 0.19324015080928802 82
1755283820127 0.19570507109165192 83
1755283834375 0.18914954364299774 84
1755283848749 0.1830606907606125 85
1755283863108 0.1828545778989792 86
1755283877710 0.1742965281009674 87
1755283892405 0.2055974006652832 88
1755283906763 0.1618814319372177 89
1755283921467 0.16768664121627808 90
1755283935648 0.15986597537994385 91
1755283949967 0.16281798481941223 92
1755283964240 0.15724427998065948 93
1755283978616 0.1474957913160324 94
1755283992963 0.1451137661933899 95
1755284007288 0.13693276047706604 96
1755284021596 0.14605791866779327 97
1755284036242 0.14087601006031036 98
1755284050737 0.12799808382987976 99
1755284065098 0.12594527006149292 100
1755284079555 0.13103899359703064 101
1755284093908 0.12166714668273926 102
1755284108395 0.115000881254673 103
1755284122460 0.12045706808567047 104
1755284137020 0.11599905043840408 105
1755284151703 0.119225412607193 106
1755284166516 0.12211860716342926 107
1755284181010 0.10527536273002625 108
1755284195631 0.10211548209190369 109
1755284210084 0.10358370095491409 110
1755284224258 0.11178867518901825 111
1755284238701 0.10455501824617386 112
1755284253008 0.10349979996681213 113
1755284267545 0.09701041877269745 114
1755284282061 0.0932917669415474 115
1755284296647 0.09933018684387207 116
1755284311140 0.11271261423826218 117
1755284325601 0.09895792603492737 118
1755284339915 0.0932966098189354 119
1755284354482 0.09954781830310822 120
1755284368989 0.09885723143815994 121
1755284383517 0.09112267941236496 122
1755284398110 0.07801004499197006 123
1755284412581 0.08398329466581345 124
1755284427242 0.08360225707292557 125
1755284441996 0.07655632495880127 126
1755284456924 0.09228046238422394 127
1755284471649 0.08619293570518494 128
1755284486580 0.08149098604917526 129
1755284501274 0.07953538000583649 130
1755284516128 0.08926308900117874 131
1755284530879 0.08978012949228287 132
1755284545784 0.07522161304950714 133
1755284560199 0.07925976067781448 134
1755284574580 0.07710200548171997 135
1755284588911 0.07270487397909164 136
1755284603406 0.07125220447778702 137
1755284617614 0.06735347956418991 138
1755284631851 0.06893179565668106 139
1755284646287 0.07029982656240463 140
1755284661022 0.06440930813550949 141
1755284675523 0.060239680111408234 142
1755284690071 0.07623907923698425 143
1755284704867 0.06561672687530518 144
1755284719720 0.06426618248224258 145
1755284734193 0.0707269087433815 146
