1753833194541 2.1839938163757324 0
1753833205604 2.02622652053833 1
1753833216456 1.9585050344467163 2
1753833227401 1.796859860420227 3
1753833238437 1.6413931846618652 4
1753833249369 1.5631144046783447 5
1753833260403 1.5296168327331543 6
1753833271377 1.3218988180160522 7
1753833282518 1.1736284494400024 8
1753833293666 1.1622111797332764 9
1753833305287 1.0873098373413086 10
1753833316442 1.0705146789550781 11
1753833327743 0.979993999004364 12
1753833339097 0.8584233522415161 13
1753833350570 0.8744673132896423 14
1753833362952 0.7455589771270752 15
1753833376508 0.6814692616462708 16
1753833390220 0.6728913187980652 17
1753833404448 0.584994912147522 18
1753833418392 0.603537380695343 19
1753833432381 0.5762175917625427 20
1753833446357 0.5238242149353027 21
1753833460171 0.5627732872962952 22
1753833474006 0.4749094247817993 23
1753833487822 0.47612375020980835 24
1753833501670 0.43128642439842224 25
1753833515962 0.44716677069664 26
1753833530156 0.46648919582366943 27
1753833544438 0.43358293175697327 28
1753833558613 0.4144934415817261 29
1753833573079 0.35014966130256653 30
1753833587051 0.4001576900482178 31
1753833601136 0.38967716693878174 32
1753833615191 0.34184563159942627 33
1753833629228 0.32715368270874023 34
1753833643172 0.3547476530075073 35
1753833657205 0.3494156301021576 36
1753833671424 0.33618342876434326 37
1753833685639 0.3083086609840393 38
1753833700040 0.3458274304866791 39
1753833714591 0.3359766900539398 40
1753833728901 0.3048224449157715 41
1753833743053 0.2507697343826294 42
1753833757247 0.27443522214889526 43
1753833771250 0.3086149990558624 44
1753833785405 0.3139991760253906 45
1753833799461 0.32131651043891907 46
1753833813511 0.27707621455192566 47
1753833827503 0.28743070363998413 48
1753833841251 0.27187031507492065 49
1753833855329 0.292603999376297 50
1753833869247 0.27435630559921265 51
1753833883165 0.28237926959991455 52
1753833897073 0.2758905291557312 53
1753833911081 0.24781237542629242 54
1753833925100 0.2852514684200287 55
1753833938967 0.2973524034023285 56
1753833952965 0.2660369277000427 57
1753833966923 0.24452702701091766 58
1753833980869 0.2779737710952759 59
1753833994999 0.29672354459762573 60
1753834008857 0.24300312995910645 61
1753834022655 0.2506014108657837 62
1753834036423 0.2739609181880951 63
1753834049938 0.27824556827545166 64
1753834063540 0.23368121683597565 65
1753834078661 0.2764522433280945 66
1753834095458 0.23526467382907867 67
1753834112453 0.25841060280799866 68
1753834129485 0.2702491879463196 69
1753834146739 0.2208702713251114 70
1753834163734 0.2512798607349396 71
1753834180800 0.24413615465164185 72
1753834197711 0.26342320442199707 73
1753834214654 0.2551024556159973 74
1753834231208 0.22627988457679749 75
1753834248162 0.24216823279857635 76
1753834265206 0.2665446102619171 77
1753834282506 0.2554193437099457 78
1753834301856 0.2714111804962158 79
1753834319206 0.21436426043510437 80
1753834337831 0.2629021108150482 81
1753834360262 0.24009257555007935 82
1753834381686 0.254906564950943 83
1753834403201 0.2597028315067291 84
1753834426062 0.23793773353099823 85
1753834447256 0.21158374845981598 86
1753834467286 0.25615110993385315 87
1753834488671 0.2595098614692688 88
1753834509884 0.2334287166595459 89
1753834531416 0.21526068449020386 90
1753834552207 0.24608318507671356 91
1753834572312 0.24672600626945496 92
1753834591687 0.22286838293075562 93
1753834611521 0.2612217366695404 94
1753834630817 0.22279664874076843 95
1753834650527 0.2332254946231842 96
1753834669870 0.22318314015865326 97
1753834688492 0.19554802775382996 98
1753834704443 0.2353476732969284 99
1753833194541 2.1839938163757324 0
