1753819166001 1.9598886966705322 0
1753819169337 1.5836049318313599 1
1753819172560 1.3338454961776733 2
1753819175848 1.402502179145813 3
1753819179121 0.8215497732162476 4
1753819183220 1.4429336786270142 5
1753819186606 0.539728045463562 6
1753819189801 0.5099830627441406 7
1753819193054 0.4330691397190094 8
1753819196668 0.36507654190063477 9
1753819201339 0.28851547837257385 10
1753819205619 0.19266225397586823 11
1753819209742 0.14545823633670807 12
1753819213922 0.15593360364437103 13
1753819218365 0.09907028079032898 14
1753819222507 0.11730913817882538 15
1753819226664 0.11851953715085983 16
1753819231087 0.04873292148113251 17
1753819235288 0.06459636241197586 18
1753819239509 0.05757754668593407 19
1753819243950 0.06250329315662384 20
1753819248288 0.04217753931879997 21
1753819252407 0.0331600084900856 22
1753819256454 0.031796615570783615 23
1753819260809 0.021743757650256157 24
1753819265048 0.029867105185985565 25
1753819269197 0.05673397704958916 26
1753819273613 0.027864472940564156 27
1753819277785 0.01694401353597641 28
1753819281950 0.02227150648832321 29
1753819286532 0.036479268223047256 30
1753819291019 0.01586128957569599 31
1753819295229 0.025766437873244286 32
1753819299476 0.02615809626877308 33
1753819303984 0.027809321880340576 34
1753819308437 0.030973093584179878 35
1753819312665 0.017926881089806557 36
1753819316979 0.03171561285853386 37
1753819321403 0.019102873280644417 38
1753819325627 0.009306948632001877 39
1753819330212 0.011018847115337849 40
1753819334674 0.024303967133164406 41
1753819338839 0.026903817430138588 42
1753819342971 0.16935847699642181 43
1753819347289 0.017080102115869522 44
1753819351591 0.01792050339281559 45
1753819355832 0.01652231067419052 46
1753819359954 0.035084910690784454 47
1753819364373 0.07375217229127884 48
1753819368495 0.009688769467175007 49
1753819372830 0.009823394007980824 50
1753819377191 0.01802097074687481 51
1753819381441 0.033810146152973175 52
1753819385545 0.04828375205397606 53
1753819389745 0.00702173076570034 54
1753819394114 0.034641727805137634 55
1753819398267 0.009547281078994274 56
1753819402497 0.011133878491818905 57
1753819406894 0.0372367724776268 58
1753819411095 0.0434819832444191 59
1753819415440 0.011032343842089176 60
1753819419623 0.01563294045627117 61
1753819424110 0.007216741796582937 62
1753819428248 0.008465051651000977 63
1753819432428 0.010045391507446766 64
1753819436839 0.016657819971442223 65
1753819440971 0.01275897677987814 66
