1751461801721 0.0 0
1751461840485 1.0 0
1751461878854 2.0 0
1751461917990 3.0 0
1751461958768 4.0 0
1751461997982 5.0 0
1751462038095 6.0 0
1751462079177 7.0 0
1751462119285 8.0 0
1751462159484 9.0 0
1751462199088 10.0 0
1751462238783 11.0 0
1751462279054 12.0 0
1751462319007 13.0 0
1751462359293 14.0 0
1751462401406 15.0 0
1751462443778 16.0 0
1751462485810 17.0 0
1751462526753 18.0 0
1751462568083 19.0 0
1751462607795 20.0 0
1751462647193 21.0 0
1751462686857 22.0 0
1751462727834 23.0 0
1751462768116 24.0 0
1751462808678 25.0 0
1751462848436 26.0 0
1751462888514 27.0 0
1751462929493 28.0 0
1751462969191 29.0 0
1751463009034 30.0 0
1751463049529 31.0 0
1751463091013 32.0 0
1751463132430 33.0 0
1751463174634 34.0 0
1751463216835 35.0 0
1751463259374 36.0 0
1751463299647 37.0 0
1751463340084 38.0 0
1751463379722 39.0 0
1751463420562 40.0 0
1751463462808 41.0 0
1751463503451 42.0 0
1751463544452 43.0 0
1751463585851 44.0 0
1751463628556 45.0 0
1751463670329 46.0 0
1751463712378 47.0 0
1751463754044 48.0 0
1751463796062 49.0 0
1751463838123 50.0 0
1751463880649 51.0 0
1751463921338 52.0 0
1751463962520 53.0 0
1751464003826 54.0 0
1751464044935 55.0 0
1751464085970 56.0 0
1751464127099 57.0 0
1751464168331 58.0 0
1751464208986 59.0 0
1751464249069 60.0 0
