1751461801719 2.8000388145446777 0
1751461840482 2.6962730884552 1
1751461878852 2.558281421661377 2
1751461917987 2.4613735675811768 3
1751461958766 2.4431512355804443 4
1751461997979 2.4071478843688965 5
1751462038092 2.2596256732940674 6
1751462079174 2.1580986976623535 7
1751462119283 2.1846301555633545 8
1751462159482 2.0746657848358154 9
1751462199086 2.036796808242798 10
1751462238780 2.0874388217926025 11
1751462279052 1.9703022241592407 12
1751462319005 1.9577412605285645 13
1751462359291 1.9158562421798706 14
1751462401403 1.8696656227111816 15
1751462443775 1.764452576637268 16
1751462485808 1.737554669380188 17
1751462526751 1.6316468715667725 18
1751462568080 1.6474382877349854 19
1751462607793 1.5005958080291748 20
1751462647191 1.5477756261825562 21
1751462686854 1.4771637916564941 22
1751462727831 1.3348695039749146 23
1751462768113 1.3252339363098145 24
1751462808676 1.3306447267532349 25
1751462848434 1.2089346647262573 26
1751462888511 1.2208796739578247 27
1751462929491 1.0862016677856445 28
1751462969188 1.0943793058395386 29
1751463009031 0.947671115398407 30
1751463049527 0.9576532244682312 31
1751463091011 0.8752186894416809 32
1751463132427 0.8037360310554504 33
1751463174631 0.78636634349823 34
1751463216833 0.7131660580635071 35
1751463259371 0.7127295732498169 36
1751463299644 0.5944214463233948 37
1751463340081 0.654593288898468 38
1751463379720 0.6067026853561401 39
1751463420560 0.44695737957954407 40
1751463462806 0.465898334980011 41
1751463503449 0.45201364159584045 42
1751463544449 0.3670027554035187 43
1751463585849 0.3444702923297882 44
1751463628553 0.34899380803108215 45
1751463670327 0.3461722135543823 46
1751463712375 0.3195478916168213 47
1751463754042 0.24716027081012726 48
1751463796059 0.21121150255203247 49
1751463838120 0.24477031826972961 50
1751463880647 0.2421751469373703 51
1751463921335 0.2901800870895386 52
1751463962517 0.11062900722026825 53
1751464003824 0.14450742304325104 54
1751464044933 0.15730001032352448 55
1751464085968 0.22885484993457794 56
1751464127097 0.15916867554187775 57
1751464168328 0.1806790679693222 58
1751464208983 0.12741273641586304 59
1751464249067 0.1810571849346161 60
