1754685465250 2.1870651245117188 0
1754685470995 1.8566488027572632 1
1754685476900 1.6573021411895752 2
1754685482776 1.4603049755096436 3
1754685488597 1.2928636074066162 4
1754685494399 1.1472728252410889 5
1754685500325 1.019910216331482 6
1754685506109 0.9030718207359314 7
1754685511877 0.8206771612167358 8
1754685517710 0.7507883310317993 9
1754685523586 0.680010974407196 10
1754685529388 0.618233859539032 11
1754685535192 0.5761181712150574 12
1754685541045 0.5139637589454651 13
1754685547046 0.46380525827407837 14
1754685552951 0.43834933638572693 15
1754685558810 0.39730557799339294 16
1754685564756 0.39148232340812683 17
1754685570620 0.3542211055755615 18
1754685576407 0.32931965589523315 19
1754685582261 0.3077745735645294 20
1754685588226 0.28289371728897095 21
1754685594071 0.2625358998775482 22
1754685599972 0.23793989419937134 23
1754685605807 0.22571100294589996 24
1754685611766 0.21137936413288116 25
1754685617624 0.19925199449062347 26
1754685623446 0.18674074113368988 27
1754685629466 0.17216359078884125 28
1754685635305 0.1606251746416092 29
1754685641132 0.15663300454616547 30
1754685647061 0.13599345088005066 31
1754685653084 0.12824615836143494 32
1754685659139 0.12013059854507446 33
1754685665078 0.11739329993724823 34
1754685671145 0.10896649956703186 35
1754685677257 0.10235191136598587 36
1754685683191 0.0971972793340683 37
1754685689179 0.09016482532024384 38
1754685695162 0.08678586035966873 39
1754685701200 0.07956968247890472 40
1754685707147 0.07838992029428482 41
1754685713112 0.07602105289697647 42
1754685719106 0.07039064168930054 43
1754685725146 0.0705224946141243 44
1754685731157 0.0634426549077034 45
1754685737074 0.06442230939865112 46
1754685743184 0.05731257423758507 47
1754685749148 0.05246637761592865 48
1754685755018 0.052449438720941544 49
1754685760911 0.05184066295623779 50
1754685766943 0.05195150151848793 51
1754685772899 0.049973588436841965 52
1754685778835 0.042020753026008606 53
1754685784941 0.04546775296330452 54
