1753820251309 2.119528293609619 0
1753820251390 1.9106171131134033 1
1753820251472 1.7707809209823608 2
1753820251553 1.614156723022461 3
1753820251632 1.4056085348129272 4
1753820251712 1.3309298753738403 5
1753820251790 1.2391475439071655 6
1753820251869 1.078417420387268 7
1753820251947 1.0159485340118408 8
1753820252027 0.9248571991920471 9
1753820252377 0.8391911387443542 10
1753820252456 0.8018927574157715 11
1753820252534 0.7088205814361572 12
1753820252611 0.7020090222358704 13
1753820252689 0.6336897611618042 14
1753820252767 0.5864835977554321 15
1753820252845 0.5253155827522278 16
1753820252924 0.5228326916694641 17
1753820253002 0.46439328789711 18
1753820253080 0.480417400598526 19
1753820253336 0.42852798104286194 20
1753820253417 0.4102261960506439 21
1753820253496 0.4014385938644409 22
1753820253575 0.3778364658355713 23
1753820253653 0.36856892704963684 24
1753820253734 0.34150150418281555 25
1753820253814 0.33749014139175415 26
1753820253892 0.3430967628955841 27
1753820253969 0.29457589983940125 28
1753820254049 0.3000061810016632 29
1753820254303 0.27338001132011414 30
1753820254382 0.29819342494010925 31
1753820254460 0.2811746597290039 32
1753820254539 0.22702160477638245 33
1753820254617 0.2254476398229599 34
1753820254696 0.23701152205467224 35
1753820254774 0.24853657186031342 36
1753820254855 0.21241876482963562 37
1753820254934 0.21968357264995575 38
1753820255012 0.21054314076900482 39
1753820255274 0.20799820125102997 40
1753820255353 0.19945649802684784 41
1753820255431 0.1851375848054886 42
1753820255510 0.18215106427669525 43
1753820255589 0.15717530250549316 44
1753820255667 0.16274970769882202 45
1753820255746 0.2004423886537552 46
1753820255825 0.15729855000972748 47
1753820255906 0.17376619577407837 48
1753820255986 0.15132546424865723 49
1753820256228 0.1711747646331787 50
1753820256307 0.1598980575799942 51
1753820256386 0.1553295999765396 52
1753820256466 0.16450385749340057 53
1753820256544 0.13911335170269012 54
1753820256623 0.16798891127109528 55
1753820256704 0.14610084891319275 56
1753820256787 0.1536182016134262 57
1753820256869 0.16575272381305695 58
1753820256952 0.1525530070066452 59
1753820257211 0.12683066725730896 60
1753820257291 0.11958390474319458 61
1753820257372 0.10518011450767517 62
1753820257452 0.13426397740840912 63
1753820257534 0.1319364756345749 64
1753820257613 0.14167062938213348 65
1753820257693 0.11738060414791107 66
1753820257773 0.12375466525554657 67
1753820257852 0.1269848793745041 68
1753820257930 0.15165279805660248 69
1753820258180 0.13030607998371124 70
1753820258258 0.11252529174089432 71
1753820258337 0.11442656069993973 72
1753820258416 0.0957823395729065 73
1753820258497 0.11874999850988388 74
1753820258575 0.110719233751297 75
1753820258654 0.10293049365282059 76
1753820258732 0.12434661388397217 77
1753820258810 0.11410534381866455 78
1753820258890 0.1273314207792282 79
1753820259146 0.09149486571550369 80
1753820259224 0.11659754067659378 81
1753820259303 0.11248855292797089 82
1753820259381 0.08662602305412292 83
1753820259459 0.09146032482385635 84
1753820259539 0.11512386798858643 85
1753820259621 0.09992577135562897 86
1753820259703 0.09178612381219864 87
1753820259782 0.12630786001682281 88
1753820259864 0.09229747205972672 89
1753820260116 0.08623341470956802 90
1753820260197 0.10837612301111221 91
1753820260278 0.11276211589574814 92
1753820260360 0.10309655219316483 93
1753820260442 0.07702405750751495 94
1753820260523 0.11474079638719559 95
1753820260604 0.11024562269449234 96
1753820260686 0.10734523087739944 97
1753820260767 0.10198432952165604 98
1753820260850 0.11214522272348404 99
1753820251309 2.119528293609619 0
