1753819201243 2.0541460514068604 0
1753819207208 2.0612826347351074 1
1753819213408 1.6809900999069214 2
1753819219280 1.3699735403060913 3
1753819225334 1.1011698246002197 4
1753819231369 0.9853982329368591 5
1753819237544 0.8283194899559021 6
1753819243522 0.7861453890800476 7
1753819249459 0.5430993437767029 8
1753819255628 0.5535330772399902 9
1753819261755 0.45910754799842834 10
1753819267740 0.45776796340942383 11
1753819273703 0.3228665888309479 12
1753819279754 0.3192513585090637 13
1753819285779 0.4112420082092285 14
1753819291787 0.3051403760910034 15
1753819298084 0.2774660587310791 16
1753819304204 0.20230193436145782 17
1753819310322 0.21254070103168488 18
1753819316492 0.19426482915878296 19
1753819322931 0.1505776047706604 20
1753819328961 0.14411531388759613 21
1753819334952 0.12722671031951904 22
1753819341084 0.5383619070053101 23
1753819347121 0.14214232563972473 24
1753819353027 0.10580939799547195 25
1753819359039 0.09241124242544174 26
1753819365020 0.07895828783512115 27
1753819370924 0.083017498254776 28
1753819376933 0.14395356178283691 29
1753819383073 0.08355282992124557 30
1753819389190 0.08055293560028076 31
1753819395075 0.08307361602783203 32
1753819401081 0.17921581864356995 33
1753819407160 0.06760557740926743 34
1753819413088 0.06265952438116074 35
1753819419080 0.043372977524995804 36
1753819424998 0.06455564498901367 37
1753819431182 0.047008730471134186 38
1753819437131 0.04564303532242775 39
