1753827680219 2.1670994758605957 0
1753827698676 2.142812967300415 1
1753827717190 2.0483362674713135 2
1753827735857 2.0213637351989746 3
1753827754534 1.987613558769226 4
1753827773477 1.941404104232788 5
1753827792644 1.8845421075820923 6
1753827812103 1.884796142578125 7
1753827831453 1.854300856590271 8
1753827850747 1.8236042261123657 9
1753827870490 1.8064347505569458 10
1753827889469 1.8000800609588623 11
1753827908791 1.7372314929962158 12
1753827928285 1.7004742622375488 13
1753827947854 1.6588234901428223 14
1753827967229 1.614622712135315 15
1753827986670 1.6085865497589111 16
1753828006015 1.5795069932937622 17
1753828025555 1.5617852210998535 18
1753828045102 1.5255987644195557 19
1753828064914 1.491625428199768 20
1753828084589 1.45808744430542 21
1753828104199 1.4463486671447754 22
1753828123989 1.4265135526657104 23
1753828143534 1.3865910768508911 24
1753828163278 1.3841053247451782 25
1753828182902 1.3330950736999512 26
1753828202778 1.3150099515914917 27
1753828222559 1.2675150632858276 28
1753828243063 1.2768239974975586 29
1753828268796 1.237396478652954 30
1753828294117 1.2058979272842407 31
1753828319611 1.1996091604232788 32
1753828345549 1.1693496704101562 33
1753828370837 1.1562323570251465 34
1753828396364 1.1226260662078857 35
1753828421944 1.0995690822601318 36
1753828447193 1.0651791095733643 37
1753828472324 1.035273790359497 38
1753828497575 1.0279022455215454 39
1753828523288 0.9978837370872498 40
1753828548541 0.9798267483711243 41
1753828573921 0.94264817237854 42
1753828599033 0.9130010008811951 43
1753828623936 0.9110347032546997 44
1753828649120 0.8793644309043884 45
1753828674367 0.8661055564880371 46
1753828700810 0.8401142358779907 47
1753828725925 0.8196800351142883 48
1753828751307 0.7959216833114624 49
1753828776747 0.7831491827964783 50
1753828802093 0.764300525188446 51
1753828827444 0.7396004796028137 52
1753828851259 0.7456954717636108 53
1753828870979 0.7149174809455872 54
1753828890643 0.6993290185928345 55
1753828910273 0.6927604079246521 56
1753828929781 0.6728824973106384 57
1753828949507 0.6712623238563538 58
1753828969221 0.6421696543693542 59
1753828988855 0.6088511943817139 60
1753829008357 0.6148812174797058 61
1753829027873 0.6125068664550781 62
1753829047389 0.5959526896476746 63
1753829067013 0.5709100365638733 64
1753829086421 0.5714731216430664 65
1753829106011 0.5555168390274048 66
1753829125593 0.5525707602500916 67
1753829145411 0.5451135635375977 68
1753829165088 0.5155191421508789 69
1753829184790 0.516814112663269 70
1753829208593 0.506311297416687 71
1753829233679 0.49781885743141174 72
1753829258959 0.4979948103427887 73
1753829284563 0.4862009286880493 74
1753829310033 0.4746229946613312 75
1753829335398 0.4630313217639923 76
1753829360893 0.4750075936317444 77
1753829386308 0.4497091472148895 78
1753829411916 0.4419463872909546 79
1753829440577 0.44290873408317566 80
1753829472178 0.4391131103038788 81
1753829503826 0.43070167303085327 82
1753829535954 0.41368168592453003 83
1753829567822 0.4087810516357422 84
1753829599764 0.3956439197063446 85
1753829631667 0.3982411026954651 86
1753829663157 0.381318062543869 87
1753829694704 0.38086384534835815 88
1753829726211 0.36894041299819946 89
1753829757915 0.3640787601470947 90
1753829789612 0.3543088436126709 91
1753829821437 0.3473357558250427 92
1753829853626 0.33882758021354675 93
1753829885730 0.34481751918792725 94
1753829911436 0.32552218437194824 95
1753829936718 0.32361093163490295 96
1753829961790 0.3216991424560547 97
1753829987821 0.31275832653045654 98
1753830013915 0.3143636882305145 99
1753827680219 2.1670994758605957 0
