1751466122900 0.0 0 49eb9167f0604e47826870a107ef91e5
1751466260870 1.0 0 49eb9167f0604e47826870a107ef91e5
1751466396371 2.0 0 49eb9167f0604e47826870a107ef91e5
1751466531922 3.0 0 49eb9167f0604e47826870a107ef91e5
1751466667615 4.0 0 49eb9167f0604e47826870a107ef91e5
1751466122900 0.0 0 49eb9167f0604e47826870a107ef91e5
1751466260870 1.0 0 49eb9167f0604e47826870a107ef91e5
1751466396371 2.0 0 49eb9167f0604e47826870a107ef91e5
1751466531922 3.0 0 49eb9167f0604e47826870a107ef91e5
1751466667615 4.0 0 49eb9167f0604e47826870a107ef91e5
